(10245, 72188)	52
(27308, 27309)	71
(27358, 27359)	119
(27359, 33496066)	86
(53316, 35410477)	63
(184843, 184846)	128
(184846, 184847)	149
(217513, 38232360)	71
(358055, 2307234)	95
(725188, 10398449)	62
(725188, 19344413)	56
(725188, 20084005)	74
(725188, 23048749)	78
(996811, 8340338)	52
(996811, 14593350)	53
(1089975, 1089978)	51
(1242201, 27759224)	63
(1345772, 1345789)	53
(1581098, 1615367)	78
(1749924, 1755221)	51
(1750704, 1755221)	54
(1754848, 1755221)	55
(1827222, 26017843)	69
(1927622, 1927623)	87
(2003816, 3464449)	86
(2003816, 6248777)	70
(2003816, 9354469)	119
(2003816, 18039913)	54
(2003816, 18074073)	97
(2003816, 23120781)	74
(2003816, 23124485)	75
(2003816, 24249633)	105
(2310516, 5279293)	53
(2310516, 7191829)	74
(2310516, 23392037)	83
(2310516, 23392205)	54
(2310516, 23401789)	75
(2310516, 24460945)	59
(2313290, 5369675)	74
(2313290, 16215351)	67
(2313290, 23394863)	59
(2728269, 2771648)	75
(2728269, 9772036)	85
(2728269, 14994756)	65
(2748155, 15513658)	52
(2771648, 8779717)	61
(2771648, 16804773)	51
(2798274, 4864471)	55
(2798274, 9904275)	60
(2974354, 8028879)	58
(2974354, 23542603)	83
(3419550, 16969195)	54
(3419550, 24250519)	62
(3419550, 24250555)	52
(3464449, 6386968)	51
(3464449, 6872084)	54
(3464449, 23126996)	51
(3464449, 23136340)	56
(3464449, 23159708)	51
(3464449, 24249556)	51
(3464449, 24249600)	58
(3464449, 24249680)	52
(3464449, 24249700)	53
(3464449, 24250952)	56
(3475667, 4481186)	63
(3475667, 17087662)	55
(3475667, 23112718)	69
(3475667, 24248994)	61
(3475667, 24249746)	62
(3567329, 9772036)	53
(3683258, 4864471)	64
(3683258, 9904275)	66
(3829299, 4481186)	69
(3829299, 17087662)	75
(3829299, 23112718)	65
(3829299, 23136538)	54
(3829299, 24248994)	75
(3829299, 24249746)	86
(3829299, 24250750)	80
(3846727, 4481186)	66
(3846727, 17087662)	64
(3846727, 23112718)	69
(3846727, 24248994)	71
(3846727, 24249746)	69
(3846727, 24250750)	54
(3951433, 3951664)	81
(3951433, 3951728)	51
(3951505, 3951664)	86
(3951505, 3951728)	53
(4335941, 4336092)	55
(4481186, 16617843)	57
(4481186, 23158463)	74
(4481186, 24249663)	78
(4481186, 24249799)	63
(4481186, 24250175)	51
(4481186, 24250603)	73
(4578946, 4579043)	54
(4730227, 6542982)	82
(4864471, 8812058)	64
(4864471, 11952778)	58
(4864471, 14725830)	52
(4871898, 9752195)	51
(4871898, 9904275)	64
(4949410, 25227243)	64
(4949410, 25228087)	78
(4949410, 25251223)	59
(4949410, 25251327)	77
(4949410, 25251379)	67
(4949410, 25252379)	73
(4949410, 25252431)	61
(4949410, 25257943)	57
(4949410, 25263739)	53
(4949410, 25263775)	59
(4949410, 25276863)	53
(4949410, 25276911)	55
(4949410, 25277059)	60
(4962368, 25226929)	52
(4962368, 25228145)	51
(4962368, 25257369)	51
(4962368, 25257709)	55
(4962368, 25272649)	51
(4962368, 25272897)	56
(4962368, 25276997)	55
(4962368, 25277013)	54
(4962368, 25277037)	52
(5001220, 25228145)	57
(5001220, 25228169)	51
(5001220, 25228189)	56
(5001220, 25252085)	53
(5001220, 25257369)	56
(5001220, 25257553)	56
(5001220, 25257709)	54
(5001220, 25272649)	58
(5001220, 25272897)	72
(5001220, 25276809)	53
(5001220, 25276937)	52
(5001220, 25276997)	70
(5001220, 25277013)	58
(5001220, 25277037)	62
(5016840, 25226929)	57
(5016840, 25251921)	70
(5016840, 25257369)	54
(5016840, 25257553)	64
(5016840, 25257777)	60
(5016840, 25263809)	70
(5016840, 25272649)	63
(5016840, 25272709)	72
(5016840, 25272881)	61
(5016840, 25276809)	67
(5016840, 25276997)	78
(5016840, 25277013)	85
(5016840, 25277037)	74
(5034470, 6014851)	79
(5119937, 6125892)	63
(5119937, 23485588)	78
(5119937, 23530412)	80
(5369675, 6941578)	76
(5369675, 12484842)	61
(5369675, 12649182)	52
(5369675, 14078934)	56
(5369675, 16277874)	59
(5369675, 23448234)	73
(5399219, 14593350)	57
(5399219, 17655910)	53
(5498942, 8210695)	65
(5498942, 10544043)	56
(5498942, 17934051)	57
(5498942, 21696535)	55
(5498942, 23238467)	51
(5784184, 6248777)	60
(5784184, 9319301)	63
(5784184, 9354469)	64
(5784184, 13214533)	51
(5784184, 16618433)	54
(5784184, 18039913)	60
(5784184, 23120781)	58
(5784184, 23124485)	56
(5784184, 24248445)	52
(5885229, 8746080)	53
(5885229, 11159548)	68
(5885229, 13134464)	60
(5911133, 11159548)	73
(5911133, 13134464)	67
(6125892, 23482293)	67
(6125892, 23484229)	73
(6139066, 6139099)	55
(6188213, 23159708)	56
(6188213, 24248368)	57
(6188213, 24249024)	63
(6248777, 6386968)	61
(6248777, 6872084)	56
(6248777, 23126996)	63
(6248777, 23136340)	56
(6248777, 23159708)	57
(6248777, 24248368)	51
(6248777, 24249556)	58
(6248777, 24249600)	55
(6248777, 24249680)	51
(6248777, 24250000)	52
(6248777, 24250952)	52
(6350449, 24250000)	51
(6386968, 9319301)	57
(6386968, 9354469)	67
(6386968, 18039913)	57
(6386968, 18074073)	65
(6386968, 23120781)	55
(6386968, 23124485)	71
(6386968, 24249633)	67
(6390179, 10169046)	53
(6390179, 23136538)	60
(6390179, 24249746)	52
(6390179, 24250750)	55
(6477419, 6542982)	73
(6542982, 15744255)	70
(6872084, 9319301)	51
(6872084, 9354469)	73
(6872084, 18039913)	82
(6872084, 18074073)	54
(6872084, 23120781)	51
(6872084, 23124485)	64
(6872084, 24249633)	57
(6941578, 16215351)	59
(6941578, 23394863)	54
(6941892, 7191829)	60
(6941892, 23381721)	64
(6941892, 23392037)	51
(6941892, 23401789)	54
(6962196, 7191829)	69
(6962196, 23392037)	71
(6962196, 23401789)	73
(6962196, 24460945)	71
(7191829, 14438180)	71
(7191829, 16227056)	63
(7191829, 23389340)	57
(7631860, 10398449)	51
(7631860, 20084005)	82
(7631860, 23048749)	81
(7657291, 7907650)	69
(7657291, 23054058)	76
(7657291, 23097030)	67
(7847641, 7847652)	54
(7901312, 10398449)	54
(7901312, 20084005)	73
(7901312, 23048749)	78
(7907650, 20033131)	73
(7907650, 23020723)	74
(7907650, 23052647)	79
(7907650, 23068647)	78
(7907650, 23071755)	65
(7907650, 23075479)	75
(8028879, 23479034)	52
(8210695, 8340338)	94
(8210695, 13443650)	65
(8210695, 14593350)	62
(8210695, 17655910)	57
(8340338, 10544043)	80
(8340338, 17934051)	69
(8340338, 21696535)	59
(8340338, 23238467)	80
(8340338, 23285559)	56
(8518452, 10398449)	62
(8518452, 19344413)	55
(8518452, 20084005)	67
(8518452, 23048749)	74
(8520779, 26186334)	58
(8622996, 9985709)	55
(8746080, 11153273)	55
(8746080, 11173693)	52
(8746080, 11209725)	55
(8779717, 9772036)	63
(8779717, 14994756)	66
(8812058, 9904275)	66
(9119662, 11142715)	63
(9119662, 13619407)	65
(9119662, 15223575)	70
(9119662, 15252263)	53
(9319301, 23159708)	64
(9319301, 24248368)	51
(9319301, 24249556)	55
(9319301, 24249680)	52
(9354469, 23126996)	71
(9354469, 23136340)	87
(9354469, 23159708)	64
(9354469, 24248368)	62
(9354469, 24249024)	56
(9354469, 24249556)	74
(9354469, 24249600)	73
(9354469, 24249680)	67
(9354469, 24249700)	68
(9354469, 24250000)	56
(9354469, 24250952)	86
(9717524, 23482293)	52
(9717524, 23484229)	57
(9737779, 11966386)	52
(9772036, 14254709)	56
(9772036, 16804773)	51
(9904275, 11952778)	56
(9904275, 14254978)	51
(9904275, 14725830)	81
(9904275, 16686754)	57
(9904275, 16789398)	53
(9941558, 20033131)	59
(9941558, 23020723)	61
(9941558, 23052647)	52
(9941558, 23068647)	61
(9941558, 23071755)	76
(9941558, 23075479)	54
(10169046, 16617843)	56
(10169046, 17177139)	62
(10169046, 24250175)	55
(10169046, 24250555)	57
(10347343, 10929802)	51
(10347343, 10930174)	54
(10398449, 10399380)	55
(10398449, 23065612)	55
(10398449, 23090816)	66
(10398449, 23102804)	51
(10399380, 19344413)	52
(10399380, 20084005)	60
(10404218, 23717083)	84
(10506513, 19528540)	81
(10506513, 23245812)	59
(10506513, 23247492)	59
(10509369, 17655796)	55
(10509369, 19528540)	66
(10509369, 23245812)	53
(10509369, 23247492)	54
(10544043, 13443650)	69
(10544043, 14593350)	75
(10544043, 17655910)	69
(10567129, 17655796)	63
(10567129, 19528540)	106
(10567129, 23245812)	66
(10567129, 23247492)	56
(10701462, 10804519)	61
(10701462, 10910319)	64
(10701462, 10910559)	58
(10701462, 10910795)	58
(10701462, 10910907)	73
(10701462, 10911739)	78
(10701462, 10911847)	75
(10701462, 10911923)	80
(10701462, 10911951)	77
(10701462, 10919683)	80
(10701462, 10920299)	97
(10701462, 10920479)	80
(10701462, 10920599)	85
(10701462, 10920663)	86
(10701462, 10920715)	95
(10701462, 10928771)	125
(10701462, 10929823)	107
(10701462, 10929843)	123
(10701462, 10929871)	128
(10701462, 10930031)	137
(10701462, 10930111)	147
(10701462, 10930255)	148
(10701462, 10930811)	74
(10701462, 10931187)	62
(10701462, 10931679)	76
(10701462, 10931811)	101
(10701462, 10931855)	91
(10804519, 10907878)	83
(10804519, 10907890)	81
(10804519, 10907962)	67
(10804519, 10908202)	96
(10804519, 10908794)	68
(10804519, 10909210)	70
(10804519, 10909234)	65
(10804519, 10909322)	65
(10804519, 10910062)	80
(10804519, 10910122)	78
(10804519, 10910442)	81
(10804519, 10910526)	69
(10804519, 10910650)	73
(10804519, 10911490)	58
(10804519, 10911530)	55
(10804519, 10912098)	61
(10804519, 10919406)	61
(10804519, 10920174)	62
(10804519, 10929314)	68
(10804519, 10929498)	62
(10804519, 10929746)	70
(10804519, 10929774)	68
(10804519, 10929802)	71
(10804519, 10930174)	68
(10804519, 10930218)	64
(10804519, 10930434)	61
(10804519, 10931070)	64
(10804519, 10931406)	57
(10850652, 10908085)	76
(10850652, 10908229)	87
(10850652, 10908665)	64
(10850652, 10909165)	59
(10850652, 10909853)	112
(10850652, 10910757)	79
(10850652, 10910865)	54
(10850652, 10910945)	55
(10850652, 10911465)	52
(10850652, 10911801)	53
(10850652, 10912057)	55
(10850652, 10919637)	60
(10850652, 10919757)	63
(10850652, 10919809)	61
(10850652, 10920341)	55
(10850652, 10920785)	51
(10850652, 10921085)	62
(10850652, 10921473)	54
(10850652, 10928525)	59
(10850652, 10928545)	65
(10850652, 10928597)	59
(10850652, 10928705)	56
(10850652, 10929273)	61
(10850652, 10929713)	62
(10850652, 10929925)	56
(10850652, 10930941)	56
(10850652, 10931449)	61
(10850652, 10931965)	60
(10907840, 10908229)	55
(10907840, 10909853)	109
(10907840, 10911465)	56
(10907840, 10919637)	55
(10907840, 10919757)	55
(10907840, 10919809)	67
(10907840, 10920341)	54
(10907840, 10921085)	74
(10907840, 10921473)	71
(10907840, 10928545)	54
(10907840, 10929273)	57
(10907840, 10931449)	56
(10907840, 10931965)	67
(10907840, 18561273)	56
(10907860, 10908229)	53
(10907860, 10909853)	106
(10907860, 10919637)	53
(10907860, 10919757)	57
(10907860, 10919809)	52
(10907860, 10921085)	59
(10907860, 10921473)	59
(10907860, 10929273)	56
(10907860, 10931449)	57
(10907860, 10931965)	58
(10907878, 10910319)	74
(10907878, 10910559)	52
(10907878, 10910795)	56
(10907878, 10931811)	60
(10907890, 10910319)	77
(10907890, 10910559)	52
(10907890, 10910795)	65
(10907890, 10920715)	55
(10907890, 10931811)	60
(10907928, 10908229)	55
(10907928, 10909853)	113
(10907928, 10910757)	51
(10907928, 10919757)	57
(10907928, 10919809)	51
(10907928, 10921085)	62
(10907928, 10921473)	59
(10907928, 10929273)	58
(10907928, 10931449)	53
(10907928, 10931965)	61
(10907996, 10908229)	61
(10907996, 10909853)	83
(10907996, 10911465)	57
(10907996, 10919637)	53
(10907996, 10919757)	62
(10907996, 10919809)	57
(10907996, 10920341)	51
(10907996, 10921085)	65
(10907996, 10921473)	60
(10907996, 10929273)	60
(10907996, 10931449)	56
(10907996, 10931965)	61
(10907996, 18561273)	51
(10908085, 10908260)	52
(10908085, 10908652)	58
(10908085, 10910144)	52
(10908144, 10908229)	62
(10908144, 10909853)	84
(10908144, 10919757)	53
(10908144, 10919809)	58
(10908144, 10921085)	57
(10908144, 10921473)	57
(10908144, 10931449)	54
(10908144, 10931965)	59
(10908202, 10910319)	60
(10908202, 10910795)	55
(10908202, 10920599)	52
(10908202, 10930031)	52
(10908202, 10930111)	51
(10908202, 10931811)	58
(10908202, 10931855)	57
(10908229, 10908260)	89
(10908229, 10908652)	62
(10908229, 10910076)	63
(10908229, 10910144)	51
(10908229, 10910204)	54
(10908229, 10912144)	53
(10908229, 10928516)	51
(10908229, 10929396)	51
(10908229, 10931304)	59
(10908229, 10931480)	52
(10908260, 10908665)	56
(10908260, 10909853)	83
(10908260, 10910757)	51
(10908260, 10910945)	53
(10908260, 10919637)	52
(10908260, 10919757)	63
(10908260, 10919809)	57
(10908260, 10920341)	52
(10908260, 10921085)	61
(10908260, 10921473)	60
(10908260, 10928545)	55
(10908260, 10929273)	61
(10908260, 10930941)	51
(10908260, 10931449)	59
(10908260, 10931965)	65
(10908652, 10908665)	74
(10908652, 10909853)	67
(10908652, 10931965)	53
(10908695, 10908794)	51
(10908695, 10909234)	52
(10908794, 10910319)	68
(10908794, 10910559)	54
(10908794, 10910795)	60
(10908794, 10910907)	94
(10908794, 10911739)	101
(10908794, 10911847)	98
(10908794, 10911923)	98
(10908794, 10911951)	101
(10908794, 10919683)	87
(10908794, 10920299)	81
(10908794, 10920479)	74
(10908794, 10920599)	90
(10908794, 10920663)	91
(10908794, 10920715)	96
(10908794, 10928771)	80
(10908794, 10929823)	75
(10908794, 10929843)	78
(10908794, 10929871)	80
(10908794, 10930031)	82
(10908794, 10930111)	81
(10908794, 10930255)	74
(10908794, 10930811)	56
(10908794, 10931187)	56
(10908794, 10931679)	65
(10908794, 10931811)	74
(10908794, 10931855)	67
(10908823, 10911602)	57
(10908823, 10911710)	52
(10908823, 10912186)	59
(10909210, 10910319)	53
(10909853, 10910076)	111
(10909853, 10910144)	102
(10909853, 10910204)	108
(10909853, 10912144)	56
(10909853, 10919548)	51
(10909853, 10920544)	54
(10909853, 10928516)	70
(10909853, 10928532)	59
(10909853, 10928584)	60
(10909853, 10928744)	61
(10909853, 10928852)	54
(10909853, 10929396)	59
(10909853, 10929476)	63
(10909853, 10929604)	58
(10909853, 10929644)	68
(10909853, 10929900)	60
(10909853, 10931052)	59
(10909853, 10931104)	55
(10909853, 10931304)	69
(10909853, 10931480)	58
(10910062, 10910319)	87
(10910062, 10910559)	61
(10910062, 10910795)	70
(10910062, 10920299)	51
(10910062, 10920715)	51
(10910062, 10931811)	55
(10910076, 10910757)	51
(10910076, 10919757)	58
(10910076, 10919809)	57
(10910076, 10921085)	62
(10910076, 10921473)	61
(10910076, 10929273)	59
(10910076, 10931449)	57
(10910076, 10931965)	64
(10910122, 10910319)	76
(10910122, 10910559)	64
(10910122, 10910795)	62
(10910122, 10910907)	51
(10910122, 10930111)	51
(10910122, 10931811)	51
(10910122, 10931855)	51
(10910144, 10919757)	52
(10910144, 10919809)	51
(10910144, 10921085)	51
(10910144, 10921473)	51
(10910144, 10929273)	56
(10910144, 10931965)	53
(10910204, 10910757)	54
(10910204, 10919809)	53
(10910204, 10921085)	60
(10910204, 10929273)	55
(10910204, 10931965)	56
(10910319, 10910442)	94
(10910319, 10910526)	70
(10910319, 10910650)	63
(10910319, 10911490)	54
(10910319, 10911530)	51
(10910319, 10919406)	51
(10910319, 10920174)	54
(10910319, 10929314)	56
(10910319, 10929746)	60
(10910319, 10929774)	54
(10910319, 10929802)	61
(10910319, 10930174)	54
(10910319, 10931070)	52
(10910442, 10910559)	69
(10910442, 10910795)	76
(10910442, 10920715)	51
(10910442, 10930111)	54
(10910442, 10931811)	61
(10910526, 10910559)	76
(10910526, 10910795)	74
(10910526, 10931811)	52
(10910559, 10910650)	56
(10910650, 10910795)	63
(10910757, 10912144)	54
(10910757, 10931480)	52
(10910795, 10929314)	53
(10910907, 10911210)	69
(10910907, 10911490)	60
(10910907, 10911530)	58
(10910907, 10919406)	61
(10910907, 10920174)	67
(10910907, 10929314)	65
(10910907, 10930174)	51
(10910907, 10930434)	54
(10910907, 10931070)	51
(10910907, 10931406)	53
(10910945, 10912144)	71
(10910945, 10919432)	62
(10910945, 10919548)	54
(10910945, 10920880)	65
(10910945, 10928516)	59
(10910945, 10928532)	53
(10910945, 10928584)	51
(10910945, 10928744)	52
(10910945, 10929396)	61
(10910945, 10930960)	56
(10910945, 10931052)	55
(10910945, 10931104)	51
(10910945, 10931304)	67
(10910945, 10931480)	59
(10911210, 10911739)	82
(10911210, 10911847)	86
(10911210, 10911923)	83
(10911210, 10911951)	88
(10911210, 10919683)	74
(10911210, 10920299)	59
(10911210, 10920479)	61
(10911210, 10920599)	68
(10911210, 10920663)	68
(10911210, 10920715)	74
(10911210, 10928771)	64
(10911210, 10929823)	60
(10911210, 10929843)	60
(10911210, 10929871)	61
(10911210, 10930031)	65
(10911210, 10930111)	64
(10911210, 10930255)	67
(10911210, 10931679)	53
(10911210, 10931811)	64
(10911210, 10931855)	62
(10911429, 10911772)	72
(10911429, 10920928)	68
(10911429, 10921212)	61
(10911465, 10912144)	65
(10911465, 10919432)	66
(10911465, 10919548)	57
(10911465, 10920544)	52
(10911465, 10920880)	63
(10911465, 10928516)	63
(10911465, 10928532)	58
(10911465, 10928584)	53
(10911465, 10928744)	58
(10911465, 10928852)	53
(10911465, 10929396)	60
(10911465, 10929476)	54
(10911465, 10929644)	59
(10911465, 10929900)	61
(10911465, 10931052)	56
(10911465, 10931104)	59
(10911465, 10931304)	61
(10911465, 10931480)	55
(10911490, 10911739)	66
(10911490, 10911847)	62
(10911490, 10911923)	70
(10911490, 10911951)	70
(10911490, 10919683)	63
(10911490, 10920299)	54
(10911490, 10920479)	52
(10911490, 10920599)	54
(10911490, 10920663)	59
(10911490, 10920715)	65
(10911490, 10928771)	57
(10911490, 10929823)	57
(10911490, 10929843)	65
(10911490, 10929871)	61
(10911490, 10930111)	60
(10911490, 10930255)	56
(10911490, 10931811)	61
(10911490, 10931855)	55
(10911530, 10911739)	73
(10911530, 10911847)	73
(10911530, 10911923)	66
(10911530, 10911951)	71
(10911530, 10919683)	64
(10911530, 10920299)	57
(10911530, 10920479)	54
(10911530, 10920599)	64
(10911530, 10920663)	59
(10911530, 10920715)	61
(10911530, 10928771)	51
(10911530, 10929843)	54
(10911530, 10929871)	58
(10911530, 10930031)	54
(10911530, 10930111)	56
(10911530, 10930255)	55
(10911530, 10931811)	61
(10911530, 10931855)	53
(10911602, 10911895)	58
(10911710, 10911895)	54
(10911739, 10912098)	65
(10911739, 10919406)	65
(10911739, 10920174)	72
(10911739, 10929314)	57
(10911739, 10930174)	51
(10911739, 10930434)	57
(10911739, 10931406)	55
(10911772, 10921249)	53
(10911801, 10912144)	76
(10911801, 10919432)	69
(10911801, 10919548)	52
(10911801, 10920544)	53
(10911801, 10920880)	72
(10911801, 10928516)	58
(10911801, 10929396)	57
(10911801, 10929476)	52
(10911801, 10930960)	51
(10911801, 10931052)	61
(10911801, 10931304)	59
(10911801, 10931480)	60
(10911847, 10912098)	63
(10911847, 10919406)	61
(10911847, 10920174)	65
(10911847, 10929314)	54
(10911847, 10930434)	56
(10911847, 10931070)	52
(10911847, 10931406)	58
(10911895, 10912186)	65
(10911895, 10921414)	57
(10911895, 10921530)	53
(10911923, 10912098)	65
(10911923, 10919406)	70
(10911923, 10920174)	73
(10911923, 10929314)	60
(10911923, 10930434)	55
(10911923, 10931406)	53
(10911951, 10912098)	70
(10911951, 10919406)	61
(10911951, 10920174)	72
(10911951, 10929314)	62
(10911951, 10930434)	54
(10911951, 10931406)	55
(10912057, 10912144)	78
(10912057, 10919432)	67
(10912057, 10919548)	53
(10912057, 10920544)	53
(10912057, 10920880)	64
(10912057, 10928516)	57
(10912057, 10928584)	54
(10912057, 10929396)	55
(10912057, 10929476)	54
(10912057, 10929644)	53
(10912057, 10929900)	54
(10912057, 10931104)	51
(10912057, 10931304)	64
(10912057, 10931480)	54
(10912098, 10919683)	62
(10912098, 10920299)	55
(10912098, 10920479)	56
(10912098, 10920599)	57
(10912098, 10920663)	58
(10912098, 10920715)	63
(10912098, 10928771)	53
(10912098, 10929823)	51
(10912098, 10929843)	52
(10912098, 10930031)	54
(10912098, 10930111)	55
(10912098, 10930255)	52
(10912098, 10931811)	66
(10912144, 10919493)	64
(10912144, 10919637)	78
(10912144, 10919757)	65
(10912144, 10919809)	68
(10912144, 10920341)	61
(10912144, 10920785)	70
(10912144, 10921085)	88
(10912144, 10921473)	90
(10912144, 10928525)	65
(10912144, 10928545)	69
(10912144, 10928597)	58
(10912144, 10928705)	61
(10912144, 10929273)	69
(10912144, 10929713)	66
(10912144, 10929925)	57
(10912144, 10930941)	55
(10912144, 10931449)	62
(10912144, 10931965)	71
(10919406, 10919683)	69
(10919406, 10920299)	65
(10919406, 10920479)	60
(10919406, 10920599)	63
(10919406, 10920663)	63
(10919406, 10920715)	71
(10919406, 10928771)	62
(10919406, 10929823)	69
(10919406, 10929843)	57
(10919406, 10929871)	68
(10919406, 10930031)	64
(10919406, 10930111)	58
(10919406, 10930255)	65
(10919406, 10931679)	51
(10919406, 10931811)	70
(10919406, 10931855)	60
(10919432, 10919493)	61
(10919432, 10919637)	70
(10919432, 10919757)	61
(10919432, 10919809)	75
(10919432, 10920341)	56
(10919432, 10920785)	62
(10919432, 10921085)	82
(10919432, 10921473)	80
(10919432, 10928525)	54
(10919432, 10928545)	54
(10919432, 10928597)	55
(10919432, 10928705)	52
(10919432, 10929273)	63
(10919432, 10929713)	63
(10919432, 10929925)	51
(10919432, 10930941)	52
(10919432, 10931449)	63
(10919432, 10931965)	70
(10919493, 10919548)	65
(10919493, 10920544)	53
(10919493, 10920880)	59
(10919493, 10928516)	52
(10919493, 10928744)	55
(10919493, 10928852)	54
(10919493, 10929644)	52
(10919493, 10931304)	56
(10919493, 10931480)	59
(10919548, 10919637)	62
(10919548, 10919757)	69
(10919548, 10919809)	75
(10919548, 10920341)	53
(10919548, 10920785)	57
(10919548, 10921085)	71
(10919548, 10921473)	81
(10919548, 10928525)	54
(10919548, 10928545)	52
(10919548, 10928597)	52
(10919548, 10929273)	68
(10919548, 10929925)	54
(10919548, 10931449)	61
(10919548, 10931965)	69
(10919637, 10920544)	66
(10919637, 10920880)	71
(10919637, 10928516)	65
(10919637, 10928532)	66
(10919637, 10928584)	59
(10919637, 10928744)	59
(10919637, 10928852)	52
(10919637, 10929396)	61
(10919637, 10929476)	59
(10919637, 10929644)	61
(10919637, 10929900)	57
(10919637, 10930292)	54
(10919637, 10930960)	58
(10919637, 10931052)	58
(10919637, 10931104)	63
(10919637, 10931304)	71
(10919637, 10931480)	61
(10919683, 10920174)	86
(10919683, 10929314)	61
(10919683, 10929498)	54
(10919683, 10929746)	60
(10919683, 10929774)	56
(10919683, 10929802)	52
(10919683, 10930174)	51
(10919683, 10930218)	53
(10919683, 10930434)	55
(10919683, 10931070)	56
(10919683, 10931406)	51
(10919757, 10920544)	64
(10919757, 10920880)	70
(10919757, 10928516)	77
(10919757, 10928532)	67
(10919757, 10928584)	70
(10919757, 10928744)	63
(10919757, 10928852)	66
(10919757, 10929396)	70
(10919757, 10929476)	69
(10919757, 10929604)	72
(10919757, 10929644)	67
(10919757, 10929900)	67
(10919757, 10930292)	58
(10919757, 10930800)	57
(10919757, 10930960)	61
(10919757, 10931052)	65
(10919757, 10931104)	64
(10919757, 10931304)	71
(10919757, 10931480)	63
(10919809, 10920544)	69
(10919809, 10920880)	71
(10919809, 10928516)	75
(10919809, 10928532)	75
(10919809, 10928584)	78
(10919809, 10928744)	75
(10919809, 10928852)	68
(10919809, 10929396)	73
(10919809, 10929476)	79
(10919809, 10929604)	64
(10919809, 10929644)	77
(10919809, 10929900)	66
(10919809, 10930292)	73
(10919809, 10930500)	54
(10919809, 10930800)	60
(10919809, 10930960)	66
(10919809, 10931052)	61
(10919809, 10931104)	64
(10919809, 10931304)	76
(10919809, 10931480)	74
(10920174, 10920299)	112
(10920174, 10920479)	74
(10920174, 10920599)	88
(10920174, 10920663)	92
(10920174, 10920715)	88
(10920174, 10928771)	84
(10920174, 10929823)	91
(10920174, 10929843)	92
(10920174, 10929871)	89
(10920174, 10930031)	91
(10920174, 10930111)	88
(10920174, 10930255)	81
(10920174, 10930811)	62
(10920174, 10931187)	53
(10920174, 10931679)	57
(10920174, 10931811)	79
(10920174, 10931855)	65
(10920299, 10929314)	71
(10920299, 10929498)	58
(10920299, 10929746)	65
(10920299, 10929774)	68
(10920299, 10929802)	60
(10920299, 10930174)	66
(10920299, 10930218)	57
(10920299, 10930434)	57
(10920299, 10931070)	57
(10920299, 10931406)	55
(10920341, 10920544)	55
(10920341, 10920880)	60
(10920341, 10928516)	65
(10920341, 10928532)	62
(10920341, 10928584)	65
(10920341, 10928744)	62
(10920341, 10928852)	54
(10920341, 10929396)	62
(10920341, 10929476)	61
(10920341, 10929604)	56
(10920341, 10929644)	59
(10920341, 10929900)	64
(10920341, 10930292)	52
(10920341, 10930500)	52
(10920341, 10930800)	56
(10920341, 10930960)	53
(10920341, 10931052)	59
(10920341, 10931104)	57
(10920341, 10931304)	75
(10920341, 10931480)	59
(10920479, 10929314)	57
(10920479, 10930434)	61
(10920544, 10920785)	51
(10920544, 10921085)	69
(10920544, 10921473)	85
(10920544, 10928525)	58
(10920544, 10928597)	55
(10920544, 10928705)	53
(10920544, 10929273)	69
(10920544, 10929925)	52
(10920544, 10930941)	55
(10920544, 10931449)	64
(10920544, 10931965)	69
(10920599, 10929314)	60
(10920599, 10929746)	57
(10920599, 10929774)	55
(10920599, 10930218)	54
(10920599, 10930434)	58
(10920599, 10931070)	60
(10920599, 10931406)	63
(10920663, 10929314)	67
(10920663, 10929498)	55
(10920663, 10929746)	61
(10920663, 10929774)	61
(10920663, 10929802)	58
(10920663, 10930174)	54
(10920663, 10930218)	61
(10920663, 10930434)	60
(10920663, 10931070)	56
(10920663, 10931406)	57
(10920715, 10929314)	68
(10920715, 10929498)	62
(10920715, 10929746)	60
(10920715, 10929774)	64
(10920715, 10929802)	64
(10920715, 10930174)	68
(10920715, 10930218)	52
(10920715, 10930434)	60
(10920715, 10931070)	59
(10920715, 10931406)	67
(10920785, 10920880)	87
(10920785, 10928516)	59
(10920785, 10928532)	53
(10920785, 10928744)	53
(10920785, 10928852)	51
(10920785, 10929476)	56
(10920785, 10929900)	52
(10920785, 10930960)	53
(10920785, 10931052)	55
(10920785, 10931104)	51
(10920785, 10931304)	54
(10920785, 10931480)	57
(10920880, 10921085)	81
(10920880, 10921473)	86
(10920880, 10928525)	71
(10920880, 10928545)	64
(10920880, 10928597)	58
(10920880, 10928705)	56
(10920880, 10929273)	62
(10920880, 10929713)	55
(10920880, 10929925)	54
(10920880, 10930941)	51
(10920880, 10931449)	61
(10920880, 10931965)	67
(10920928, 10921249)	61
(10920928, 10921297)	66
(10921085, 10928516)	92
(10921085, 10928532)	76
(10921085, 10928584)	78
(10921085, 10928744)	76
(10921085, 10928852)	66
(10921085, 10929396)	77
(10921085, 10929476)	78
(10921085, 10929604)	75
(10921085, 10929644)	76
(10921085, 10929900)	75
(10921085, 10930292)	72
(10921085, 10930500)	54
(10921085, 10930800)	62
(10921085, 10930960)	76
(10921085, 10931052)	88
(10921085, 10931104)	77
(10921085, 10931304)	81
(10921085, 10931480)	78
(10921212, 10921249)	65
(10921212, 10921297)	66
(10921473, 10928516)	97
(10921473, 10928532)	95
(10921473, 10928584)	93
(10921473, 10928744)	87
(10921473, 10928852)	84
(10921473, 10929396)	91
(10921473, 10929476)	86
(10921473, 10929604)	83
(10921473, 10929644)	86
(10921473, 10929900)	88
(10921473, 10930292)	81
(10921473, 10930500)	58
(10921473, 10930800)	70
(10921473, 10930960)	81
(10921473, 10931052)	78
(10921473, 10931104)	83
(10921473, 10931304)	93
(10921473, 10931480)	84
(10928516, 10928525)	70
(10928516, 10928545)	67
(10928516, 10928597)	61
(10928516, 10929273)	83
(10928516, 10930941)	56
(10928516, 10931449)	92
(10928516, 10931965)	91
(10928516, 10940389)	54
(10928525, 10928532)	59
(10928525, 10928744)	52
(10928525, 10928852)	57
(10928525, 10929396)	55
(10928525, 10930292)	56
(10928525, 10930800)	53
(10928525, 10930960)	60
(10928525, 10931052)	53
(10928525, 10931104)	56
(10928525, 10931304)	78
(10928525, 10931480)	81
(10928532, 10928545)	72
(10928532, 10928705)	51
(10928532, 10929273)	67
(10928532, 10930941)	62
(10928532, 10931449)	69
(10928532, 10931965)	83
(10928545, 10928584)	51
(10928545, 10928852)	59
(10928545, 10929396)	61
(10928545, 10930800)	63
(10928545, 10930960)	61
(10928545, 10931052)	58
(10928545, 10931104)	55
(10928545, 10931304)	83
(10928545, 10931480)	75
(10928584, 10928597)	68
(10928584, 10928705)	54
(10928584, 10929273)	96
(10928584, 10929925)	54
(10928584, 10930941)	54
(10928584, 10931449)	68
(10928584, 10931965)	86
(10928597, 10928744)	53
(10928597, 10928852)	70
(10928597, 10929396)	68
(10928597, 10929476)	53
(10928597, 10929604)	53
(10928597, 10929900)	62
(10928597, 10930800)	55
(10928597, 10930960)	56
(10928597, 10931104)	51
(10928597, 10931304)	71
(10928597, 10931480)	65
(10928688, 10929273)	55
(10928705, 10928744)	59
(10928705, 10928852)	89
(10928705, 10929396)	65
(10928705, 10929476)	53
(10928705, 10929604)	52
(10928705, 10929900)	55
(10928705, 10930292)	51
(10928705, 10930960)	52
(10928705, 10931104)	51
(10928705, 10931304)	70
(10928705, 10931480)	65
(10928744, 10929273)	103
(10928744, 10929713)	55
(10928744, 10930941)	61
(10928744, 10931449)	68
(10928744, 10931965)	87
(10928771, 10929314)	90
(10928771, 10929498)	53
(10928771, 10929746)	60
(10928771, 10929774)	65
(10928771, 10929802)	62
(10928771, 10930174)	69
(10928771, 10930218)	58
(10928771, 10930434)	80
(10928771, 10931406)	65
(10928818, 10931811)	52
(10928852, 10929273)	79
(10928852, 10929713)	63
(10928852, 10929925)	64
(10928852, 10931449)	70
(10928852, 10931965)	85
(10929273, 10929396)	106
(10929273, 10929476)	107
(10929273, 10929604)	93
(10929273, 10929644)	100
(10929273, 10929900)	85
(10929273, 10930292)	67
(10929273, 10930500)	57
(10929273, 10930800)	65
(10929273, 10930960)	63
(10929273, 10931052)	65
(10929273, 10931104)	71
(10929273, 10931304)	77
(10929273, 10931480)	75
(10929314, 10929823)	71
(10929314, 10929843)	84
(10929314, 10929871)	90
(10929314, 10930031)	79
(10929314, 10930111)	80
(10929314, 10930255)	78
(10929314, 10930811)	52
(10929314, 10931679)	59
(10929314, 10931811)	77
(10929314, 10931855)	69
(10929396, 10929713)	61
(10929396, 10929925)	69
(10929396, 10930941)	56
(10929396, 10931449)	66
(10929396, 10931965)	80
(10929476, 10930941)	53
(10929476, 10931449)	72
(10929476, 10931965)	83
(10929498, 10929871)	54
(10929498, 10930111)	53
(10929498, 10930255)	62
(10929498, 10930811)	58
(10929498, 10931679)	60
(10929498, 10931811)	73
(10929498, 10931855)	64
(10929604, 10930941)	55
(10929604, 10931449)	69
(10929604, 10931965)	85
(10929644, 10930941)	53
(10929644, 10931449)	75
(10929644, 10931965)	83
(10929678, 10931811)	51
(10929713, 10930800)	55
(10929713, 10931052)	55
(10929713, 10931104)	51
(10929713, 10931304)	74
(10929713, 10931480)	75
(10929746, 10930111)	54
(10929746, 10930255)	56
(10929746, 10930811)	57
(10929746, 10931679)	54
(10929746, 10931811)	83
(10929746, 10931855)	73
(10929774, 10929843)	52
(10929774, 10930255)	57
(10929774, 10930811)	56
(10929774, 10931679)	57
(10929774, 10931811)	85
(10929774, 10931855)	65
(10929802, 10930031)	53
(10929802, 10930255)	59
(10929802, 10931679)	55
(10929802, 10931811)	80
(10929802, 10931855)	74
(10929823, 10930218)	51
(10929823, 10930434)	64
(10929823, 10931406)	58
(10929843, 10930174)	55
(10929843, 10930218)	51
(10929843, 10930434)	77
(10929843, 10931406)	58
(10929871, 10930174)	55
(10929871, 10930434)	70
(10929871, 10931406)	65
(10929900, 10930941)	57
(10929900, 10931449)	68
(10929900, 10931965)	79
(10929925, 10930800)	55
(10929925, 10930960)	54
(10929925, 10931104)	53
(10929925, 10931304)	69
(10929925, 10931480)	68
(10930031, 10930174)	56
(10930031, 10930218)	52
(10930031, 10930434)	72
(10930031, 10931070)	52
(10930031, 10931406)	69
(10930111, 10930174)	62
(10930111, 10930218)	62
(10930111, 10930434)	85
(10930111, 10931406)	68
(10930174, 10930255)	61
(10930174, 10931679)	54
(10930174, 10931811)	85
(10930174, 10931855)	67
(10930218, 10930255)	64
(10930218, 10930811)	55
(10930218, 10931679)	61
(10930218, 10931811)	76
(10930218, 10931855)	63
(10930255, 10930434)	92
(10930255, 10931406)	66
(10930292, 10930941)	53
(10930292, 10931449)	70
(10930292, 10931965)	74
(10930434, 10930811)	56
(10930434, 10931811)	81
(10930434, 10931855)	64
(10930500, 10931449)	54
(10930500, 10931965)	57
(10930800, 10931449)	60
(10930800, 10931965)	66
(10930811, 10931406)	51
(10930941, 10930960)	61
(10930941, 10931052)	54
(10930941, 10931104)	54
(10930941, 10931304)	80
(10930941, 10931480)	69
(10930960, 10931449)	73
(10930960, 10931965)	86
(10931052, 10931449)	66
(10931052, 10931965)	76
(10931070, 10931811)	69
(10931070, 10931855)	60
(10931104, 10931449)	73
(10931104, 10931965)	84
(10931187, 10931406)	51
(10931304, 10931449)	106
(10931304, 10931965)	96
(10931304, 10940389)	56
(10931406, 10931679)	62
(10931406, 10931811)	100
(10931406, 10931855)	75
(10931449, 10931480)	99
(10931480, 10931965)	88
(11142715, 11174246)	57
(11153273, 11159548)	65
(11153273, 13134464)	68
(11159548, 11173693)	78
(11159548, 11209725)	86
(11159548, 13077805)	65
(11173693, 11187504)	68
(11173693, 13134464)	65
(11174246, 13619407)	60
(11174246, 15223575)	59
(11209725, 13134464)	97
(11358760, 20084005)	60
(11358760, 23048749)	86
(12484842, 16215351)	69
(12484842, 23394863)	68
(12649182, 23394863)	55
(13077805, 13134464)	51
(13214533, 23159708)	56
(13214533, 24248368)	62
(13214533, 24249024)	58
(13443650, 17934051)	59
(13443650, 23238467)	53
(13443650, 23299703)	59
(14078934, 23394863)	51
(14183935, 16277874)	62
(14254456, 14254709)	52
(14438180, 23392037)	72
(14438180, 23392205)	51
(14438180, 23401789)	79
(14438180, 24460945)	68
(14593350, 17934051)	81
(14593350, 21696535)	73
(14593350, 23238467)	68
(14994756, 16804773)	54
(16215351, 16277874)	96
(16215351, 23448234)	62
(16227056, 23392037)	72
(16227056, 23401789)	88
(16227056, 24460945)	69
(16277874, 23394863)	80
(16617843, 17087662)	54
(16617843, 23112718)	54
(16617843, 23136538)	79
(16617843, 24248994)	59
(16617843, 24249746)	65
(16617843, 24250750)	60
(16618433, 23159708)	56
(16618433, 24250000)	54
(16969195, 24250750)	52
(17087662, 23158463)	74
(17087662, 24249663)	92
(17087662, 24249799)	71
(17087662, 24250175)	68
(17087662, 24250519)	54
(17087662, 24250603)	84
(17655796, 21628493)	57
(17655910, 17934051)	59
(17655910, 21696535)	66
(17655910, 23238467)	59
(18039913, 23136340)	54
(18039913, 23159708)	69
(18039913, 24248368)	52
(18039913, 24249024)	52
(18039913, 24250000)	68
(18074073, 23126996)	85
(18074073, 23136340)	61
(18074073, 24249556)	79
(18074073, 24249600)	81
(18074073, 24249680)	68
(18074073, 24249700)	68
(18074073, 24250952)	70
(19344413, 23090816)	52
(19528540, 21628493)	103
(20033131, 23019442)	53
(20033131, 23046250)	62
(20033131, 23054058)	80
(20033131, 23073658)	67
(20033131, 23097030)	65
(20084005, 23065612)	80
(20084005, 23090816)	85
(20084005, 23102804)	65
(20745684, 20820329)	88
(20807548, 20820329)	88
(21399950, 23067247)	53
(21399950, 23068647)	52
(21628493, 23245812)	58
(21628493, 23247492)	64
(23019442, 23067247)	52
(23019442, 23068647)	51
(23020723, 23046250)	102
(23020723, 23054058)	78
(23020723, 23073658)	74
(23020723, 23097030)	54
(23046250, 23052647)	61
(23046250, 23068647)	74
(23046250, 23071755)	66
(23046250, 23075479)	52
(23048749, 23065612)	96
(23048749, 23090816)	112
(23048749, 23102804)	88
(23052647, 23054058)	86
(23052647, 23073658)	56
(23052647, 23097030)	63
(23054058, 23067247)	59
(23054058, 23068647)	84
(23054058, 23071755)	62
(23054058, 23075479)	74
(23057965, 23065612)	55
(23068647, 23073658)	89
(23068647, 23097030)	71
(23071755, 23073658)	56
(23071755, 23097030)	59
(23075479, 23097030)	52
(23112718, 23158463)	66
(23112718, 24249663)	71
(23112718, 24249799)	58
(23112718, 24250175)	56
(23112718, 24250519)	51
(23112718, 24250603)	65
(23120781, 23126996)	54
(23120781, 23136340)	64
(23120781, 23159708)	56
(23120781, 24248368)	58
(23120781, 24249024)	53
(23120781, 24249556)	58
(23120781, 24249600)	53
(23120781, 24250952)	62
(23124485, 23126996)	62
(23124485, 23136340)	69
(23124485, 23159708)	60
(23124485, 24248368)	66
(23124485, 24249024)	60
(23124485, 24249556)	63
(23124485, 24249600)	61
(23124485, 24249680)	57
(23124485, 24249700)	56
(23124485, 24250000)	51
(23124485, 24250952)	67
(23126996, 24249633)	86
(23136340, 24249633)	69
(23136538, 23158463)	51
(23136538, 24250175)	56
(23136538, 24250519)	54
(23136538, 24250555)	55
(23158463, 24248994)	88
(23158463, 24249746)	83
(23158463, 24250750)	70
(23159708, 24248445)	62
(23389340, 23392037)	67
(23389340, 23401789)	94
(23389340, 24460945)	81
(23394863, 23448234)	52
(23479034, 23542603)	66
(23482293, 23485588)	55
(23482293, 23530412)	59
(23482293, 23531404)	64
(23484229, 23485588)	54
(23484229, 23530412)	63
(23504650, 23542603)	65
(23671992, 31803701)	61
(24224430, 38473447)	77
(24248368, 24248445)	60
(24248445, 24248924)	57
(24248445, 24249024)	53
(24248994, 24249663)	74
(24248994, 24249799)	63
(24248994, 24250175)	62
(24248994, 24250519)	53
(24248994, 24250603)	69
(24249556, 24249633)	54
(24249600, 24249633)	55
(24249633, 24250952)	126
(24249663, 24249746)	60
(24249663, 24250750)	60
(24249746, 24249799)	55
(24249746, 24250175)	82
(24249746, 24250519)	56
(24249746, 24250555)	52
(24249746, 24250603)	67
(24250175, 24250750)	90
(24250519, 24250750)	73
(24250555, 24250750)	58
(24250603, 24250750)	93
(25226929, 25227032)	63
(25226929, 25228096)	63
(25226929, 25251576)	59
(25226929, 25251996)	57
(25226929, 25252428)	63
(25226929, 25257692)	53
(25226929, 25257808)	51
(25226929, 25263824)	54
(25226929, 25276824)	62
(25226929, 25277004)	72
(25227032, 25227977)	59
(25227032, 25228145)	52
(25227032, 25257369)	57
(25227032, 25257553)	71
(25227032, 25257777)	52
(25227032, 25263721)	60
(25227032, 25263809)	55
(25227032, 25272649)	57
(25227032, 25272709)	54
(25227032, 25272881)	66
(25227032, 25272897)	69
(25227032, 25276809)	80
(25227032, 25276901)	57
(25227032, 25276937)	70
(25227032, 25276997)	71
(25227032, 25277013)	73
(25227032, 25277037)	66
(25227243, 25228158)	56
(25227243, 25228214)	55
(25227243, 25251342)	70
(25227243, 25257526)	75
(25227243, 25257754)	69
(25227243, 25263786)	61
(25227243, 25272822)	53
(25227243, 25273094)	56
(25227977, 25251204)	53
(25227977, 25252428)	62
(25228087, 25251342)	59
(25228087, 25257754)	52
(25228096, 25251921)	63
(25228096, 25263809)	60
(25228096, 25272709)	56
(25228145, 25252428)	55
(25228158, 25257943)	55
(25228189, 25252428)	54
(25228214, 25228255)	60
(25228214, 25257943)	55
(25251204, 25257777)	51
(25251204, 25263721)	55
(25251204, 25272649)	52
(25251204, 25272897)	57
(25251204, 25276809)	62
(25251204, 25276937)	51
(25251204, 25276997)	59
(25251204, 25277013)	58
(25251204, 25277037)	52
(25251223, 25251342)	71
(25251223, 25257526)	58
(25251223, 25257754)	52
(25251223, 25263786)	60
(25251223, 25272822)	53
(25251223, 25272938)	58
(25251327, 25251342)	53
(25251342, 25252379)	67
(25251342, 25252431)	52
(25251342, 25257943)	51
(25251342, 25263739)	52
(25251342, 25263775)	52
(25251342, 25277059)	54
(25251379, 25257526)	52
(25251576, 25251921)	54
(25251576, 25257553)	57
(25251576, 25276997)	57
(25251576, 25277013)	56
(25251576, 25277037)	57
(25251921, 25251996)	62
(25251921, 25252428)	52
(25251921, 25272956)	52
(25251921, 25277004)	57
(25251996, 25272649)	57
(25251996, 25276809)	60
(25251996, 25276997)	61
(25251996, 25277013)	64
(25251996, 25277037)	58
(25252379, 25257526)	61
(25252379, 25257754)	75
(25252379, 25263786)	53
(25252428, 25257369)	53
(25252428, 25257553)	57
(25252428, 25257777)	54
(25252428, 25263721)	66
(25252428, 25263809)	52
(25252428, 25272649)	70
(25252428, 25272709)	55
(25252428, 25272881)	79
(25252428, 25272897)	84
(25252428, 25276809)	68
(25252428, 25276901)	53
(25252428, 25276937)	65
(25252428, 25276997)	74
(25252428, 25277013)	71
(25252428, 25277037)	60
(25252431, 25257526)	58
(25252431, 25263786)	55
(25257369, 25257444)	63
(25257369, 25263824)	53
(25257444, 25272649)	51
(25257444, 25276997)	52
(25257526, 25257943)	58
(25257553, 25257628)	51
(25257599, 25272822)	55
(25257599, 25272938)	53
(25257628, 25263809)	51
(25257754, 25257943)	57
(25257777, 25263824)	53
(25257777, 25277004)	54
(25257808, 25263809)	51
(25257808, 25272709)	53
(25257808, 25276997)	55
(25257943, 25263786)	65
(25257943, 25272822)	56
(25263732, 25276809)	51
(25263739, 25263786)	55
(25263764, 25272649)	51
(25263764, 25276809)	62
(25263809, 25263824)	66
(25263824, 25272709)	75
(25272649, 25276824)	61
(25272649, 25277004)	58
(25272709, 25276844)	55
(25272881, 25272956)	51
(25272897, 25272956)	64
(25272956, 25276809)	62
(25272956, 25276997)	56
(25272956, 25277013)	51
(25276809, 25276824)	80
(25276809, 25277004)	60
(25276997, 25277004)	53
(25277004, 25277013)	57
(25277004, 25277037)	63
(25603870, 25671155)	72
(25603870, 25707187)	70
(25671155, 25691822)	69
(25691822, 25707187)	70
(25771679, 25787510)	55
(25919056, 25926185)	64
(25922750, 25932023)	57
(27050336, 27050981)	55
(27050435, 27051078)	52
(27050732, 27050981)	60
(27208419, 27310990)	63
(29762766, 29859879)	54
(31675137, 34167724)	52
(33148698, 33150735)	52
(34240006, 34248635)	96
(34942148, 34950677)	70
(37933637, 37938092)	108
