(29485, 3475655)	51
(33131, 3800477)	64
(109495, 501649)	88
(175714, 3872186)	54
(399482, 9138082)	63
(409084, 34629668)	55
(485643, 485645)	71
(725188, 7631860)	68
(725188, 7901312)	63
(725188, 8518452)	96
(725188, 10399380)	59
(725188, 11358760)	62
(725188, 23065612)	79
(725188, 23090816)	88
(725188, 23102804)	74
(1503105, 1503115)	153
(1750415, 1755221)	53
(1752874, 1755222)	63
(1755222, 1785346)	63
(2003816, 5784184)	55
(2003816, 6386968)	77
(2003816, 6872084)	69
(2003816, 23126996)	99
(2003816, 23136340)	95
(2003816, 23159708)	52
(2003816, 24248368)	52
(2003816, 24249556)	99
(2003816, 24249600)	109
(2003816, 24249680)	87
(2003816, 24249700)	99
(2003816, 24250952)	111
(2310516, 6941892)	58
(2310516, 6962196)	72
(2310516, 14438180)	79
(2310516, 16227056)	72
(2310516, 23389340)	72
(2313290, 6941578)	66
(2313290, 12484842)	52
(2313290, 12649182)	54
(2313290, 16277874)	72
(2313290, 23448234)	68
(2728269, 9904275)	60
(2771648, 9772036)	66
(2771648, 14994756)	57
(2798274, 3683258)	85
(2798274, 4871898)	64
(2798274, 8812058)	89
(2798274, 11952778)	101
(2798274, 14725830)	66
(2798274, 16686754)	80
(2825257, 6477419)	64
(2825257, 15744255)	76
(2893046, 6550706)	119
(2974354, 5034542)	58
(2974354, 23479034)	74
(2974354, 23483082)	52
(2974354, 23504650)	88
(3167194, 10440270)	62
(3464449, 3829299)	58
(3464449, 3846727)	54
(3464449, 16617843)	53
(3464449, 23158463)	59
(3464449, 24249663)	54
(3464449, 24249799)	53
(3464449, 24250603)	57
(3475667, 9354469)	72
(3475667, 18074073)	57
(3475667, 23120781)	57
(3475667, 23124485)	54
(3567329, 9904275)	74
(3570569, 9904275)	65
(3683258, 4871898)	68
(3683258, 8812058)	86
(3683258, 11952778)	87
(3683258, 14725830)	66
(3683258, 16686754)	78
(3683258, 16789398)	54
(3829299, 6248777)	67
(3829299, 9319301)	59
(3829299, 9354469)	71
(3829299, 18074073)	63
(3829299, 23120781)	68
(3829299, 23124485)	69
(3829299, 24249633)	68
(3832339, 3832797)	94
(3846727, 9354469)	85
(3846727, 18074073)	63
(3846727, 23120781)	59
(3846727, 23124485)	63
(3846727, 24249633)	62
(3941142, 3941478)	54
(3951586, 3957342)	54
(3951664, 3951728)	100
(4481186, 17087662)	86
(4481186, 23112718)	69
(4481186, 24248994)	77
(4481186, 24249746)	76
(4481186, 24250750)	54
(4730227, 7084989)	85
(4871898, 8812058)	74
(4871898, 11952778)	60
(4871898, 14254978)	61
(4871898, 14725830)	62
(4871898, 16686754)	62
(4871898, 16789398)	60
(4946274, 4997438)	56
(4949410, 25228158)	51
(4949410, 25251342)	57
(4949410, 25257526)	56
(4949410, 25257754)	62
(4962368, 25252428)	55
(4962368, 25276824)	53
(4962368, 25277004)	54
(4973666, 4997438)	57
(5001220, 25227032)	51
(5001220, 25228120)	60
(5001220, 25251204)	54
(5001220, 25251576)	56
(5001220, 25252428)	69
(5001220, 25257444)	67
(5001220, 25257628)	54
(5001220, 25257692)	60
(5001220, 25257808)	54
(5001220, 25263520)	57
(5001220, 25263764)	53
(5001220, 25263824)	55
(5001220, 25272956)	65
(5001220, 25276824)	64
(5001220, 25277004)	56
(5016840, 25227032)	54
(5016840, 25228096)	94
(5016840, 25251576)	57
(5016840, 25251996)	75
(5016840, 25252428)	75
(5016840, 25257628)	63
(5016840, 25257808)	59
(5016840, 25263764)	55
(5016840, 25263824)	65
(5016840, 25272956)	62
(5016840, 25276824)	67
(5016840, 25276844)	67
(5016840, 25277004)	80
(5034542, 23504650)	57
(5279293, 5369675)	52
(5369675, 7191829)	67
(5369675, 23392037)	65
(5369675, 23401789)	74
(5369675, 24460945)	68
(5498942, 8340338)	65
(5498942, 13443650)	51
(5498942, 14593350)	55
(5721748, 13856396)	73
(5784184, 6386968)	59
(5784184, 6872084)	62
(5784184, 23136340)	55
(5784184, 23159708)	73
(5784184, 24248368)	56
(5784184, 24249024)	53
(5784184, 24249556)	53
(5784184, 24250000)	55
(5885229, 11142715)	65
(5885229, 13619407)	67
(5885229, 15223575)	60
(5885229, 15252263)	56
(5911133, 11142715)	72
(5911133, 13619407)	73
(5911133, 15223575)	62
(5911133, 15252263)	54
(6019406, 6021018)	133
(6037680, 6125892)	74
(6037680, 23485588)	73
(6037680, 23530412)	72
(6125892, 9717524)	69
(6125892, 23485588)	79
(6125892, 23530412)	76
(6139041, 6139099)	52
(6139311, 6139325)	53
(6188213, 16617843)	57
(6188213, 24250555)	51
(6248777, 6390179)	56
(6248777, 16617843)	57
(6248777, 16969195)	51
(6248777, 23158463)	52
(6248777, 24249663)	53
(6248777, 24250175)	66
(6248777, 24250519)	64
(6248777, 24250555)	63
(6248777, 24250603)	62
(6386968, 6872084)	74
(6386968, 23126996)	78
(6386968, 23136340)	55
(6386968, 23159708)	58
(6386968, 24249556)	89
(6386968, 24249600)	82
(6386968, 24249680)	76
(6386968, 24249700)	67
(6386968, 24250952)	67
(6390179, 9319301)	52
(6390179, 9354469)	64
(6390179, 13214533)	53
(6390179, 16618433)	53
(6390179, 18039913)	63
(6390179, 23120781)	61
(6390179, 23124485)	60
(6390179, 24248445)	58
(6477419, 7084989)	73
(6872084, 23126996)	62
(6872084, 23136340)	58
(6872084, 23159708)	70
(6872084, 24249024)	51
(6872084, 24249556)	66
(6872084, 24249600)	63
(6872084, 24249680)	60
(6872084, 24249700)	53
(6872084, 24250000)	64
(6872084, 24250952)	64
(6941578, 12484842)	61
(6941578, 16277874)	63
(6941578, 23448234)	73
(6941892, 6962196)	56
(6941892, 14438180)	59
(6941892, 16227056)	53
(6941892, 23389340)	53
(6962196, 14438180)	74
(6962196, 16227056)	76
(6962196, 23389340)	71
(7084989, 15744255)	81
(7176307, 7191829)	53
(7176307, 23392037)	51
(7191829, 16215351)	64
(7191829, 23394863)	61
(7631860, 7901312)	69
(7631860, 8518452)	64
(7631860, 11358760)	65
(7631860, 23065612)	81
(7631860, 23090816)	73
(7631860, 23102804)	63
(7657291, 10398449)	51
(7657291, 19344413)	52
(7657291, 20084005)	55
(7901312, 8518452)	57
(7901312, 11358760)	52
(7901312, 23065612)	75
(7901312, 23090816)	72
(7901312, 23102804)	70
(7907650, 9941558)	67
(7907650, 23046250)	65
(7907650, 23054058)	100
(7907650, 23073658)	60
(7907650, 23097030)	71
(8028879, 23484229)	60
(8210695, 10506513)	71
(8210695, 10509369)	78
(8210695, 10567129)	72
(8210695, 21628493)	68
(8340338, 13443650)	67
(8340338, 14593350)	72
(8340338, 17655910)	66
(8518452, 10399380)	59
(8518452, 11358760)	71
(8518452, 23065612)	76
(8518452, 23090816)	89
(8518452, 23102804)	79
(8520779, 18561273)	54
(8746080, 11159548)	57
(8779717, 9904275)	55
(8807451, 21056065)	69
(8812058, 11952778)	98
(8812058, 14254978)	60
(8812058, 14725830)	73
(8812058, 16686754)	74
(8812058, 16789398)	68
(9119662, 11174246)	55
(9319301, 16617843)	52
(9319301, 23158463)	51
(9319301, 24249663)	51
(9319301, 24250175)	58
(9319301, 24250519)	59
(9319301, 24250555)	53
(9354469, 16617843)	69
(9354469, 23158463)	72
(9354469, 24249663)	72
(9354469, 24249799)	60
(9354469, 24250175)	62
(9354469, 24250519)	66
(9354469, 24250555)	70
(9354469, 24250603)	84
(9717524, 23485588)	65
(9717524, 23530412)	60
(9772036, 14994756)	71
(9904275, 14254709)	60
(9904275, 16804773)	80
(9941558, 21399950)	54
(9941558, 23046250)	61
(9941558, 23054058)	64
(9941558, 23097030)	53
(10127460, 24248368)	61
(10169046, 23136538)	56
(10169046, 24249746)	54
(10169046, 24250750)	52
(10371050, 21399950)	67
(10371050, 23019442)	51
(10371050, 23054058)	52
(10398449, 20033131)	58
(10398449, 23020723)	52
(10398449, 23052647)	55
(10398449, 23068647)	58
(10398449, 23071755)	53
(10398449, 23075479)	54
(10399380, 23065612)	54
(10399380, 23090816)	58
(10399380, 23102804)	57
(10506513, 10544043)	66
(10506513, 17934051)	98
(10506513, 21696535)	70
(10506513, 23238467)	111
(10506513, 23285559)	54
(10509369, 10544043)	63
(10509369, 17934051)	64
(10509369, 21696535)	52
(10509369, 23238467)	61
(10544043, 10567129)	69
(10544043, 21628493)	59
(10567129, 17934051)	79
(10567129, 21696535)	63
(10567129, 23238467)	93
(10567129, 23285559)	60
(10701462, 10907878)	64
(10701462, 10907890)	62
(10701462, 10908202)	69
(10701462, 10908794)	81
(10701462, 10910062)	60
(10701462, 10910122)	62
(10701462, 10910442)	63
(10701462, 10910526)	58
(10701462, 10910650)	55
(10701462, 10911054)	58
(10701462, 10911114)	53
(10701462, 10911210)	72
(10701462, 10911490)	77
(10701462, 10911530)	77
(10701462, 10912098)	77
(10701462, 10919406)	86
(10701462, 10920174)	94
(10701462, 10928818)	65
(10701462, 10929314)	126
(10701462, 10929498)	128
(10701462, 10929678)	59
(10701462, 10929746)	123
(10701462, 10929774)	126
(10701462, 10929802)	129
(10701462, 10930174)	136
(10701462, 10930218)	136
(10701462, 10930434)	134
(10701462, 10931070)	78
(10701462, 10931406)	103
(10804519, 10908085)	73
(10804519, 10908229)	91
(10804519, 10908665)	62
(10804519, 10909165)	58
(10804519, 10909853)	87
(10804519, 10910757)	75
(10804519, 10910865)	58
(10804519, 10910945)	61
(10804519, 10911465)	60
(10804519, 10911801)	59
(10804519, 10912057)	64
(10804519, 10919493)	54
(10804519, 10919637)	66
(10804519, 10919757)	70
(10804519, 10919809)	68
(10804519, 10920341)	64
(10804519, 10920785)	55
(10804519, 10921085)	67
(10804519, 10921473)	59
(10804519, 10928525)	64
(10804519, 10928545)	73
(10804519, 10928597)	63
(10804519, 10928705)	62
(10804519, 10929273)	68
(10804519, 10929713)	69
(10804519, 10929925)	61
(10804519, 10930941)	64
(10804519, 10931449)	66
(10804519, 10931965)	65
(10850652, 10907840)	118
(10850652, 10907860)	110
(10850652, 10907928)	115
(10850652, 10907996)	83
(10850652, 10908144)	82
(10850652, 10908260)	86
(10850652, 10908652)	71
(10850652, 10910076)	109
(10850652, 10910144)	104
(10850652, 10910204)	105
(10850652, 10912144)	56
(10850652, 10919548)	52
(10850652, 10920544)	52
(10850652, 10920880)	53
(10850652, 10928516)	67
(10850652, 10928532)	60
(10850652, 10928584)	62
(10850652, 10928744)	60
(10850652, 10928852)	55
(10850652, 10929396)	61
(10850652, 10929476)	63
(10850652, 10929604)	54
(10850652, 10929644)	63
(10850652, 10929900)	58
(10850652, 10930292)	51
(10850652, 10931052)	54
(10850652, 10931104)	55
(10850652, 10931304)	62
(10850652, 10931480)	59
(10907840, 10907860)	55
(10907840, 10907928)	62
(10907840, 10908260)	56
(10907840, 10908652)	53
(10907840, 10910076)	56
(10907840, 10910144)	54
(10907840, 10910204)	57
(10907840, 10912144)	58
(10907840, 10919432)	51
(10907840, 10920880)	53
(10907840, 10928516)	54
(10907840, 10931104)	51
(10907840, 10931304)	63
(10907840, 10931480)	58
(10907860, 10907928)	56
(10907860, 10908260)	63
(10907860, 10908652)	52
(10907860, 10910076)	54
(10907860, 10910144)	56
(10907860, 10910204)	59
(10907860, 10912144)	52
(10907860, 10931304)	56
(10907878, 10907890)	64
(10907878, 10908202)	54
(10907878, 10908794)	66
(10907878, 10910062)	51
(10907878, 10910122)	58
(10907878, 10910442)	70
(10907878, 10910526)	62
(10907878, 10919406)	51
(10907878, 10920174)	59
(10907878, 10929314)	55
(10907890, 10908794)	66
(10907890, 10910062)	60
(10907890, 10910122)	62
(10907890, 10910442)	74
(10907890, 10910526)	54
(10907890, 10919406)	54
(10907890, 10920174)	57
(10907890, 10929314)	53
(10907928, 10908144)	58
(10907928, 10908260)	61
(10907928, 10910076)	64
(10907928, 10910144)	55
(10907928, 10910204)	58
(10907928, 10912144)	53
(10907928, 10931304)	57
(10907962, 10908794)	57
(10907962, 10919406)	52
(10907996, 10908144)	51
(10907996, 10908260)	60
(10907996, 10908652)	56
(10907996, 10910204)	52
(10907996, 10912144)	56
(10907996, 10920880)	51
(10907996, 10929396)	55
(10907996, 10931304)	59
(10908144, 10908260)	57
(10908144, 10908652)	57
(10908144, 10910144)	51
(10908144, 10910204)	59
(10908144, 10929396)	54
(10908144, 10931304)	58
(10908202, 10908794)	65
(10908202, 10910062)	54
(10908202, 10910122)	58
(10908202, 10910442)	55
(10908202, 10910526)	54
(10908202, 10910650)	51
(10908202, 10919406)	51
(10908202, 10920174)	61
(10908202, 10929314)	55
(10908229, 10908695)	51
(10908229, 10910319)	64
(10908229, 10910795)	52
(10908229, 10920299)	54
(10908229, 10920715)	51
(10908229, 10929843)	51
(10908229, 10931811)	59
(10908229, 10931855)	52
(10908260, 10908652)	63
(10908260, 10910076)	61
(10908260, 10910144)	59
(10908260, 10910204)	56
(10908260, 10928744)	51
(10908260, 10929396)	53
(10908260, 10929476)	51
(10908260, 10929644)	53
(10908260, 10931304)	59
(10908652, 10910076)	58
(10908652, 10910204)	56
(10908665, 10908695)	60
(10908665, 10910319)	51
(10908695, 10909165)	52
(10908695, 10909853)	62
(10908695, 10921085)	52
(10908794, 10909210)	58
(10908794, 10910062)	68
(10908794, 10910122)	60
(10908794, 10910442)	66
(10908794, 10910526)	54
(10908794, 10910650)	57
(10908794, 10911054)	69
(10908794, 10911114)	61
(10908794, 10911210)	89
(10908794, 10911490)	97
(10908794, 10911530)	96
(10908794, 10912098)	97
(10908794, 10919406)	96
(10908794, 10920174)	82
(10908794, 10929314)	83
(10908794, 10929498)	77
(10908794, 10929746)	79
(10908794, 10929774)	83
(10908794, 10929802)	81
(10908794, 10930174)	77
(10908794, 10930218)	81
(10908794, 10930434)	72
(10908794, 10931070)	84
(10908794, 10931406)	78
(10908823, 10911429)	60
(10908823, 10921249)	51
(10909165, 10910319)	51
(10909210, 10909322)	52
(10909210, 10910122)	56
(10909234, 10910442)	52
(10909247, 10909853)	60
(10909853, 10910319)	110
(10909853, 10910559)	89
(10909853, 10910795)	103
(10909853, 10910907)	62
(10909853, 10911847)	51
(10909853, 10911923)	52
(10909853, 10911951)	52
(10909853, 10920299)	56
(10909853, 10920599)	57
(10909853, 10920663)	56
(10909853, 10920715)	65
(10909853, 10928771)	65
(10909853, 10929823)	61
(10909853, 10929843)	64
(10909853, 10929871)	64
(10909853, 10930031)	65
(10909853, 10930111)	70
(10909853, 10930255)	57
(10909853, 10931811)	65
(10909853, 10931855)	54
(10910062, 10910122)	71
(10910062, 10910442)	77
(10910062, 10910526)	63
(10910062, 10910650)	55
(10910062, 10920174)	56
(10910062, 10929314)	52
(10910076, 10910144)	73
(10910076, 10910204)	71
(10910076, 10931304)	57
(10910076, 10931480)	52
(10910122, 10910442)	68
(10910122, 10910526)	65
(10910122, 10910650)	58
(10910122, 10920174)	51
(10910122, 10929314)	54
(10910122, 10929802)	52
(10910144, 10910204)	82
(10910144, 10931304)	55
(10910204, 10931304)	52
(10910319, 10910757)	70
(10910319, 10910945)	55
(10910319, 10912057)	56
(10910319, 10919493)	51
(10910319, 10919637)	55
(10910319, 10919757)	57
(10910319, 10919809)	58
(10910319, 10920341)	55
(10910319, 10920785)	51
(10910319, 10921085)	64
(10910319, 10921473)	58
(10910319, 10928525)	55
(10910319, 10928545)	61
(10910319, 10928597)	59
(10910319, 10929273)	56
(10910319, 10929713)	57
(10910319, 10931449)	55
(10910319, 10931965)	61
(10910442, 10910526)	84
(10910442, 10910650)	66
(10910442, 10920174)	57
(10910442, 10929314)	55
(10910442, 10929746)	55
(10910442, 10929802)	52
(10910526, 10910650)	56
(10910559, 10910757)	52
(10910757, 10910795)	59
(10910757, 10930031)	54
(10910757, 10931811)	52
(10910795, 10919757)	52
(10910795, 10919809)	56
(10910795, 10921085)	59
(10910795, 10921473)	52
(10910795, 10929273)	53
(10910795, 10931965)	55
(10910907, 10910945)	67
(10910907, 10911465)	57
(10910907, 10911801)	56
(10910907, 10912057)	58
(10910907, 10919637)	64
(10910907, 10919757)	57
(10910907, 10919809)	60
(10910907, 10920341)	55
(10910907, 10920785)	51
(10910907, 10921085)	78
(10910907, 10921473)	78
(10910907, 10928525)	58
(10910907, 10928545)	51
(10910907, 10929273)	69
(10910907, 10929713)	55
(10910907, 10931449)	63
(10910907, 10931965)	61
(10910945, 10911739)	59
(10910945, 10911847)	62
(10910945, 10911923)	55
(10910945, 10911951)	51
(10910945, 10919683)	61
(10910945, 10920299)	51
(10910945, 10920599)	67
(10910945, 10920663)	56
(10910945, 10920715)	59
(10910945, 10929843)	54
(10910945, 10931811)	65
(10910945, 10931855)	57
(10911054, 10911210)	75
(10911054, 10911490)	55
(10911114, 10911210)	60
(10911210, 10911490)	81
(10911210, 10911530)	79
(10911210, 10912098)	73
(10911210, 10919406)	77
(10911210, 10920174)	62
(10911210, 10929314)	64
(10911210, 10929498)	68
(10911210, 10929746)	67
(10911210, 10929774)	61
(10911210, 10929802)	65
(10911210, 10930174)	60
(10911210, 10930218)	66
(10911210, 10930434)	62
(10911210, 10931070)	63
(10911210, 10931406)	68
(10911429, 10911895)	70
(10911465, 10911739)	65
(10911465, 10911847)	57
(10911465, 10911923)	63
(10911465, 10911951)	63
(10911465, 10919683)	62
(10911465, 10920299)	59
(10911465, 10920599)	60
(10911465, 10920663)	58
(10911465, 10920715)	71
(10911465, 10928771)	55
(10911465, 10929823)	56
(10911465, 10929843)	55
(10911465, 10929871)	60
(10911465, 10930031)	60
(10911465, 10930111)	53
(10911465, 10930255)	52
(10911465, 10931811)	64
(10911490, 10911530)	79
(10911490, 10912098)	68
(10911490, 10919406)	70
(10911490, 10920174)	71
(10911490, 10929314)	63
(10911490, 10929498)	53
(10911490, 10929746)	59
(10911490, 10929774)	58
(10911490, 10929802)	51
(10911490, 10930174)	59
(10911490, 10930218)	51
(10911490, 10930434)	58
(10911490, 10931070)	64
(10911490, 10931406)	54
(10911530, 10912098)	65
(10911530, 10919406)	63
(10911530, 10920174)	74
(10911530, 10929314)	63
(10911530, 10929498)	53
(10911530, 10929746)	56
(10911530, 10929774)	52
(10911530, 10929802)	57
(10911530, 10930174)	55
(10911530, 10930218)	54
(10911530, 10930434)	54
(10911530, 10931070)	56
(10911530, 10931406)	56
(10911602, 10911710)	61
(10911602, 10912186)	59
(10911602, 10921530)	54
(10911710, 10912186)	60
(10911710, 10921414)	51
(10911710, 10921530)	56
(10911739, 10911801)	72
(10911739, 10912057)	56
(10911739, 10919637)	69
(10911739, 10919757)	66
(10911739, 10919809)	61
(10911739, 10920341)	56
(10911739, 10920785)	64
(10911739, 10921085)	83
(10911739, 10921473)	87
(10911739, 10928525)	56
(10911739, 10928545)	51
(10911739, 10928597)	56
(10911739, 10929273)	68
(10911739, 10930941)	53
(10911739, 10931449)	60
(10911739, 10931965)	63
(10911772, 10920928)	70
(10911772, 10921212)	58
(10911801, 10911847)	64
(10911801, 10911923)	65
(10911801, 10911951)	57
(10911801, 10919683)	67
(10911801, 10920299)	51
(10911801, 10920479)	52
(10911801, 10920599)	61
(10911801, 10920663)	55
(10911801, 10920715)	63
(10911801, 10929823)	55
(10911801, 10931811)	67
(10911801, 10931855)	52
(10911847, 10919637)	58
(10911847, 10919757)	69
(10911847, 10919809)	62
(10911847, 10920785)	60
(10911847, 10921085)	80
(10911847, 10921473)	81
(10911847, 10928545)	51
(10911847, 10929273)	62
(10911847, 10931449)	63
(10911847, 10931965)	66
(10911895, 10921297)	52
(10911923, 10912057)	53
(10911923, 10919637)	66
(10911923, 10919757)	68
(10911923, 10919809)	72
(10911923, 10920341)	56
(10911923, 10920785)	53
(10911923, 10921085)	82
(10911923, 10921473)	87
(10911923, 10928545)	54
(10911923, 10929273)	63
(10911923, 10931449)	66
(10911923, 10931965)	74
(10911951, 10912057)	57
(10911951, 10919637)	65
(10911951, 10919757)	67
(10911951, 10919809)	67
(10911951, 10920341)	60
(10911951, 10920785)	58
(10911951, 10921085)	81
(10911951, 10921473)	86
(10911951, 10928545)	56
(10911951, 10929273)	64
(10911951, 10931449)	63
(10911951, 10931965)	70
(10912057, 10919683)	63
(10912057, 10920299)	55
(10912057, 10920599)	61
(10912057, 10920663)	51
(10912057, 10920715)	61
(10912057, 10929823)	52
(10912057, 10929843)	51
(10912057, 10931811)	67
(10912057, 10931855)	52
(10912098, 10919406)	65
(10912098, 10920174)	82
(10912098, 10929314)	62
(10912098, 10929498)	54
(10912098, 10929746)	54
(10912098, 10929774)	54
(10912098, 10929802)	52
(10912098, 10930174)	54
(10912098, 10930218)	57
(10912098, 10931070)	53
(10912098, 10931406)	53
(10912144, 10919432)	70
(10912144, 10919548)	65
(10912144, 10920544)	61
(10912144, 10920880)	79
(10912144, 10928516)	65
(10912144, 10928532)	67
(10912144, 10928584)	63
(10912144, 10928744)	64
(10912144, 10928852)	56
(10912144, 10929396)	65
(10912144, 10929476)	61
(10912144, 10929604)	60
(10912144, 10929644)	61
(10912144, 10929900)	57
(10912144, 10930960)	64
(10912144, 10931052)	68
(10912144, 10931104)	59
(10912144, 10931304)	64
(10912144, 10931480)	59
(10912186, 10921414)	56
(10919406, 10920174)	76
(10919406, 10929314)	64
(10919406, 10929498)	62
(10919406, 10929746)	67
(10919406, 10929774)	64
(10919406, 10929802)	59
(10919406, 10930174)	61
(10919406, 10930218)	62
(10919406, 10930434)	60
(10919406, 10931070)	62
(10919406, 10931406)	63
(10919432, 10919548)	79
(10919432, 10920544)	61
(10919432, 10920880)	74
(10919432, 10928516)	58
(10919432, 10928532)	53
(10919432, 10928584)	61
(10919432, 10928744)	55
(10919432, 10928852)	54
(10919432, 10929396)	62
(10919432, 10929476)	59
(10919432, 10929604)	52
(10919432, 10929644)	53
(10919432, 10929900)	54
(10919432, 10930292)	56
(10919432, 10930960)	56
(10919432, 10931052)	58
(10919432, 10931104)	62
(10919432, 10931304)	61
(10919432, 10931480)	60
(10919493, 10919683)	56
(10919493, 10920299)	56
(10919493, 10920479)	51
(10919493, 10920599)	59
(10919493, 10920663)	51
(10919493, 10920715)	55
(10919493, 10928771)	52
(10919493, 10930255)	54
(10919493, 10931811)	69
(10919493, 10931855)	51
(10919548, 10920544)	52
(10919548, 10920880)	65
(10919548, 10928516)	51
(10919548, 10928584)	54
(10919548, 10928852)	56
(10919548, 10929396)	53
(10919548, 10929604)	57
(10919548, 10929644)	53
(10919548, 10929900)	56
(10919548, 10931052)	54
(10919548, 10931304)	55
(10919548, 10931480)	58
(10919637, 10919683)	79
(10919637, 10920299)	59
(10919637, 10920479)	54
(10919637, 10920599)	63
(10919637, 10920663)	68
(10919637, 10920715)	79
(10919637, 10928771)	56
(10919637, 10929823)	56
(10919637, 10929843)	64
(10919637, 10929871)	62
(10919637, 10930031)	60
(10919637, 10930111)	60
(10919637, 10930255)	65
(10919637, 10931679)	53
(10919637, 10931811)	74
(10919637, 10931855)	60
(10919683, 10919757)	78
(10919683, 10919809)	88
(10919683, 10920341)	58
(10919683, 10920785)	67
(10919683, 10921085)	75
(10919683, 10921473)	91
(10919683, 10928525)	56
(10919683, 10928545)	58
(10919683, 10928597)	54
(10919683, 10928705)	54
(10919683, 10929273)	61
(10919683, 10929925)	54
(10919683, 10930941)	60
(10919683, 10931449)	68
(10919683, 10931965)	68
(10919757, 10920299)	66
(10919757, 10920479)	68
(10919757, 10920599)	74
(10919757, 10920663)	68
(10919757, 10920715)	78
(10919757, 10928771)	68
(10919757, 10929823)	65
(10919757, 10929843)	69
(10919757, 10929871)	69
(10919757, 10930031)	74
(10919757, 10930111)	77
(10919757, 10930255)	57
(10919757, 10930811)	57
(10919757, 10931679)	57
(10919757, 10931811)	82
(10919757, 10931855)	57
(10919809, 10920299)	79
(10919809, 10920479)	74
(10919809, 10920599)	78
(10919809, 10920663)	77
(10919809, 10920715)	75
(10919809, 10928771)	72
(10919809, 10929823)	79
(10919809, 10929843)	75
(10919809, 10929871)	71
(10919809, 10930031)	83
(10919809, 10930111)	78
(10919809, 10930255)	72
(10919809, 10930811)	64
(10919809, 10931679)	56
(10919809, 10931811)	77
(10919809, 10931855)	67
(10920174, 10929314)	85
(10920174, 10929498)	73
(10920174, 10929746)	82
(10920174, 10929774)	89
(10920174, 10929802)	92
(10920174, 10930174)	82
(10920174, 10930218)	80
(10920174, 10930434)	78
(10920174, 10931070)	67
(10920174, 10931406)	73
(10920299, 10920341)	77
(10920299, 10920785)	55
(10920299, 10921085)	77
(10920299, 10921473)	88
(10920299, 10928525)	60
(10920299, 10928545)	65
(10920299, 10928597)	58
(10920299, 10928705)	55
(10920299, 10929273)	81
(10920299, 10929713)	62
(10920299, 10929925)	59
(10920299, 10930941)	56
(10920299, 10931449)	74
(10920299, 10931965)	77
(10920341, 10920479)	58
(10920341, 10920599)	63
(10920341, 10920663)	60
(10920341, 10920715)	62
(10920341, 10928771)	62
(10920341, 10929823)	65
(10920341, 10929843)	62
(10920341, 10929871)	64
(10920341, 10930031)	61
(10920341, 10930111)	56
(10920341, 10930255)	59
(10920341, 10930811)	55
(10920341, 10931679)	57
(10920341, 10931811)	76
(10920341, 10931855)	59
(10920479, 10920785)	51
(10920479, 10921085)	67
(10920479, 10921473)	79
(10920479, 10929273)	65
(10920479, 10929713)	55
(10920479, 10931449)	65
(10920479, 10931965)	72
(10920544, 10920880)	63
(10920544, 10928516)	51
(10920544, 10928584)	51
(10920544, 10928852)	53
(10920544, 10929396)	53
(10920544, 10929476)	56
(10920544, 10929900)	51
(10920544, 10931104)	56
(10920544, 10931304)	60
(10920544, 10931480)	62
(10920599, 10920785)	60
(10920599, 10921085)	66
(10920599, 10921473)	86
(10920599, 10928525)	51
(10920599, 10928545)	70
(10920599, 10928597)	52
(10920599, 10929273)	71
(10920599, 10929713)	54
(10920599, 10930941)	55
(10920599, 10931449)	66
(10920599, 10931965)	71
(10920663, 10920785)	68
(10920663, 10921085)	77
(10920663, 10921473)	95
(10920663, 10928525)	55
(10920663, 10928545)	56
(10920663, 10928597)	57
(10920663, 10928705)	55
(10920663, 10929273)	66
(10920663, 10929713)	59
(10920663, 10929925)	57
(10920663, 10930941)	60
(10920663, 10931449)	65
(10920663, 10931965)	74
(10920715, 10920785)	78
(10920715, 10921085)	87
(10920715, 10921473)	109
(10920715, 10928525)	69
(10920715, 10928545)	59
(10920715, 10928597)	57
(10920715, 10928705)	61
(10920715, 10929273)	75
(10920715, 10929713)	61
(10920715, 10929925)	58
(10920715, 10930941)	56
(10920715, 10931449)	74
(10920715, 10931965)	80
(10920785, 10928771)	55
(10920785, 10929871)	51
(10920785, 10930255)	51
(10920785, 10931811)	64
(10920880, 10928516)	63
(10920880, 10928532)	66
(10920880, 10928584)	59
(10920880, 10928744)	59
(10920880, 10928852)	57
(10920880, 10929396)	59
(10920880, 10929476)	59
(10920880, 10929604)	57
(10920880, 10929644)	61
(10920880, 10929900)	56
(10920880, 10930292)	56
(10920880, 10930960)	59
(10920880, 10931052)	58
(10920880, 10931104)	55
(10920880, 10931304)	61
(10920880, 10931480)	61
(10920928, 10921212)	68
(10921085, 10928771)	77
(10921085, 10929823)	78
(10921085, 10929843)	81
(10921085, 10929871)	80
(10921085, 10930031)	75
(10921085, 10930111)	84
(10921085, 10930255)	71
(10921085, 10930811)	55
(10921085, 10931679)	63
(10921085, 10931811)	77
(10921085, 10931855)	66
(10921414, 10921530)	62
(10921473, 10928771)	89
(10921473, 10929823)	86
(10921473, 10929843)	88
(10921473, 10929871)	85
(10921473, 10930031)	89
(10921473, 10930111)	87
(10921473, 10930255)	89
(10921473, 10930811)	66
(10921473, 10931187)	57
(10921473, 10931679)	69
(10921473, 10931811)	77
(10921473, 10931855)	73
(10928516, 10928532)	61
(10928516, 10928584)	53
(10928516, 10928744)	56
(10928516, 10928852)	55
(10928516, 10929396)	61
(10928516, 10929476)	59
(10928516, 10929604)	52
(10928516, 10929644)	58
(10928516, 10930292)	51
(10928516, 10930800)	53
(10928516, 10930960)	60
(10928516, 10931052)	60
(10928516, 10931104)	59
(10928516, 10931304)	84
(10928516, 10931480)	79
(10928525, 10928771)	54
(10928525, 10929871)	51
(10928525, 10930111)	51
(10928525, 10930255)	56
(10928525, 10930811)	52
(10928525, 10931679)	58
(10928525, 10931811)	82
(10928525, 10931855)	69
(10928532, 10929396)	66
(10928532, 10929476)	54
(10928532, 10930800)	54
(10928532, 10930960)	57
(10928532, 10931052)	51
(10928532, 10931304)	78
(10928532, 10931480)	68
(10928545, 10928771)	63
(10928545, 10930111)	52
(10928545, 10930811)	53
(10928545, 10931679)	66
(10928545, 10931811)	86
(10928545, 10931855)	74
(10928584, 10928744)	55
(10928584, 10928852)	81
(10928584, 10929396)	71
(10928584, 10929476)	53
(10928584, 10929604)	52
(10928584, 10929900)	56
(10928584, 10930292)	52
(10928584, 10930800)	61
(10928584, 10931052)	51
(10928584, 10931104)	54
(10928584, 10931304)	73
(10928584, 10931480)	73
(10928597, 10928771)	60
(10928597, 10929843)	55
(10928597, 10929871)	56
(10928597, 10930031)	52
(10928597, 10930111)	54
(10928597, 10930255)	51
(10928597, 10930811)	59
(10928597, 10931679)	56
(10928597, 10931811)	70
(10928597, 10931855)	67
(10928705, 10928771)	65
(10928705, 10929871)	55
(10928705, 10930031)	54
(10928705, 10930255)	55
(10928705, 10930811)	54
(10928705, 10931679)	57
(10928705, 10931811)	79
(10928705, 10931855)	61
(10928744, 10928852)	77
(10928744, 10929396)	63
(10928744, 10929476)	55
(10928744, 10929604)	53
(10928744, 10929644)	57
(10928744, 10929900)	51
(10928744, 10930800)	58
(10928744, 10930960)	52
(10928744, 10931104)	51
(10928744, 10931304)	72
(10928744, 10931480)	70
(10928771, 10929273)	107
(10928771, 10929713)	71
(10928771, 10929925)	59
(10928771, 10930941)	58
(10928771, 10931449)	81
(10928771, 10931965)	83
(10928771, 10940389)	52
(10928818, 10929678)	55
(10928852, 10929396)	71
(10928852, 10929476)	66
(10928852, 10929604)	70
(10928852, 10929644)	60
(10928852, 10929900)	51
(10928852, 10930292)	55
(10928852, 10930800)	53
(10928852, 10930960)	51
(10928852, 10931104)	54
(10928852, 10931304)	68
(10928852, 10931480)	58
(10929273, 10929823)	75
(10929273, 10929843)	91
(10929273, 10929871)	88
(10929273, 10930031)	86
(10929273, 10930111)	88
(10929273, 10930255)	82
(10929273, 10930811)	63
(10929273, 10931679)	59
(10929273, 10931811)	79
(10929273, 10931855)	70
(10929314, 10929498)	72
(10929314, 10929678)	53
(10929314, 10929746)	74
(10929314, 10929774)	77
(10929314, 10929802)	80
(10929314, 10930174)	71
(10929314, 10930218)	74
(10929314, 10930434)	72
(10929314, 10931070)	58
(10929314, 10931406)	69
(10929396, 10929476)	66
(10929396, 10929604)	67
(10929396, 10929644)	56
(10929396, 10929900)	57
(10929396, 10930292)	53
(10929396, 10930800)	51
(10929396, 10930960)	55
(10929396, 10931052)	52
(10929396, 10931104)	59
(10929396, 10931304)	70
(10929396, 10931480)	78
(10929476, 10929604)	59
(10929476, 10929644)	58
(10929476, 10929900)	60
(10929476, 10930800)	57
(10929476, 10930960)	51
(10929476, 10931104)	51
(10929476, 10931304)	75
(10929476, 10931480)	73
(10929498, 10929746)	51
(10929498, 10930174)	51
(10929498, 10930218)	51
(10929498, 10930434)	78
(10929498, 10931406)	70
(10929604, 10930800)	52
(10929604, 10930960)	60
(10929604, 10931104)	51
(10929604, 10931304)	80
(10929604, 10931480)	62
(10929644, 10930800)	59
(10929644, 10930960)	58
(10929644, 10931304)	70
(10929644, 10931480)	67
(10929713, 10930031)	51
(10929713, 10930255)	64
(10929713, 10930811)	51
(10929713, 10931679)	60
(10929713, 10931811)	77
(10929713, 10931855)	66
(10929746, 10930434)	68
(10929746, 10931070)	51
(10929746, 10931406)	70
(10929774, 10930218)	53
(10929774, 10930434)	75
(10929774, 10931406)	61
(10929802, 10930174)	56
(10929802, 10930434)	81
(10929802, 10931070)	54
(10929802, 10931406)	60
(10929823, 10930941)	57
(10929823, 10931449)	73
(10929823, 10931965)	82
(10929843, 10930941)	60
(10929843, 10931449)	69
(10929843, 10931965)	87
(10929871, 10930941)	53
(10929871, 10931449)	78
(10929871, 10931965)	78
(10929900, 10930800)	54
(10929900, 10930960)	56
(10929900, 10931052)	52
(10929900, 10931104)	51
(10929900, 10931304)	69
(10929900, 10931480)	70
(10929925, 10930111)	51
(10929925, 10930255)	55
(10929925, 10930811)	53
(10929925, 10931679)	54
(10929925, 10931811)	80
(10929925, 10931855)	61
(10930031, 10930941)	53
(10930031, 10931449)	80
(10930031, 10931965)	91
(10930031, 10940389)	52
(10930111, 10930941)	58
(10930111, 10931449)	71
(10930111, 10931965)	89
(10930111, 10940389)	54
(10930174, 10930218)	65
(10930174, 10930434)	77
(10930174, 10931406)	62
(10930218, 10930434)	78
(10930218, 10931406)	68
(10930255, 10930941)	51
(10930255, 10931449)	74
(10930255, 10931965)	81
(10930292, 10930960)	53
(10930292, 10931304)	64
(10930292, 10931480)	60
(10930434, 10931406)	61
(10930500, 10931480)	51
(10930800, 10931104)	54
(10930800, 10931304)	58
(10930800, 10931480)	61
(10930811, 10931449)	64
(10930811, 10931965)	66
(10930941, 10931679)	60
(10930941, 10931811)	91
(10930941, 10931855)	69
(10930960, 10931052)	51
(10930960, 10931104)	62
(10930960, 10931304)	78
(10930960, 10931480)	69
(10931052, 10931104)	63
(10931052, 10931304)	71
(10931052, 10931480)	61
(10931070, 10931406)	57
(10931104, 10931304)	73
(10931104, 10931480)	69
(10931187, 10931449)	55
(10931187, 10931965)	60
(10931304, 10931480)	97
(10931449, 10931679)	71
(10931449, 10931811)	97
(10931449, 10931855)	72
(10931679, 10931965)	73
(10931811, 10931965)	104
(10931811, 10940389)	58
(10931855, 10931965)	97
(10993078, 14285918)	77
(11142715, 11153273)	56
(11142715, 11173693)	62
(11142715, 11209725)	87
(11153273, 13619407)	61
(11153273, 15223575)	62
(11153273, 15252263)	81
(11159548, 13134464)	75
(11173693, 13619407)	75
(11173693, 15223575)	66
(11209725, 13619407)	80
(11209725, 15223575)	75
(11209725, 15252263)	62
(11358760, 23065612)	65
(11358760, 23090816)	81
(11358760, 23102804)	66
(11952778, 14725830)	72
(11952778, 16686754)	79
(12322463, 12370717)	51
(12484842, 12649182)	55
(12484842, 14078934)	62
(12484842, 16277874)	59
(12484842, 23448234)	65
(12649182, 16277874)	54
(12649182, 23448234)	52
(13077805, 13619407)	56
(13214533, 16617843)	61
(13443650, 14593350)	66
(14183935, 23381721)	71
(14254978, 16789398)	58
(14285918, 14941202)	51
(14438180, 16227056)	86
(14438180, 23389340)	74
(14593350, 17655910)	56
(14725830, 16686754)	60
(16189941, 16190067)	101
(16215351, 23381721)	58
(16215351, 23392037)	58
(16215351, 23401789)	60
(16215351, 24460945)	64
(16227056, 23389340)	76
(16277874, 23448234)	58
(16617843, 18074073)	51
(16617843, 23120781)	67
(16617843, 23124485)	75
(16617843, 24248445)	59
(16618433, 16969195)	54
(16618433, 24250175)	58
(16618433, 24250519)	59
(16618433, 24250555)	53
(16618433, 24250603)	52
(17087662, 23112718)	72
(17087662, 24248994)	78
(17087662, 24249746)	79
(17087662, 24250750)	69
(17177139, 18039913)	55
(17655796, 19528540)	63
(17655796, 23245812)	70
(17655796, 23247492)	68
(17934051, 21628493)	86
(18039913, 24250175)	54
(18039913, 24250519)	56
(18039913, 24250555)	58
(18039913, 24250603)	56
(18074073, 23158463)	64
(18074073, 24249663)	86
(18074073, 24249799)	57
(18074073, 24250175)	56
(18074073, 24250519)	51
(18074073, 24250603)	68
(18943753, 23248387)	56
(19344413, 23052647)	51
(19344413, 23067247)	58
(19344413, 23068647)	53
(19528540, 23245812)	65
(19528540, 23247492)	59
(20033131, 20084005)	76
(20033131, 23048749)	65
(20084005, 23020723)	72
(20084005, 23052647)	61
(20084005, 23068647)	87
(20084005, 23071755)	66
(20084005, 23075479)	61
(20745684, 20807548)	77
(20819659, 20820329)	73
(21399950, 23019442)	54
(21399950, 23054058)	53
(21628493, 21696535)	59
(21628493, 23238467)	90
(21628493, 23285559)	62
(21986867, 21986897)	291
(23019442, 23054058)	52
(23020723, 23048749)	106
(23046250, 23054058)	74
(23046250, 23073658)	65
(23048749, 23052647)	71
(23048749, 23068647)	79
(23048749, 23071755)	67
(23048749, 23075479)	66
(23054058, 23073658)	64
(23054058, 23097030)	88
(23057965, 23068647)	52
(23057965, 23075479)	59
(23065612, 23090816)	108
(23065612, 23102804)	88
(23073658, 23097030)	51
(23090816, 23102804)	87
(23112718, 23136538)	52
(23112718, 24248994)	74
(23112718, 24249746)	72
(23112718, 24250750)	59
(23120781, 23158463)	58
(23120781, 24249663)	52
(23120781, 24250175)	74
(23120781, 24250519)	58
(23120781, 24250555)	69
(23120781, 24250603)	73
(23124485, 23158463)	59
(23124485, 24249663)	61
(23124485, 24249799)	52
(23124485, 24250175)	69
(23124485, 24250519)	69
(23124485, 24250555)	73
(23124485, 24250603)	73
(23126996, 23136340)	64
(23126996, 24249556)	104
(23126996, 24249600)	114
(23126996, 24249680)	86
(23126996, 24249700)	79
(23126996, 24250952)	82
(23136340, 23159708)	57
(23136340, 24248368)	55
(23136340, 24249556)	69
(23136340, 24249600)	60
(23136340, 24249680)	56
(23136340, 24249700)	65
(23136340, 24250952)	75
(23136538, 24250750)	54
(23158463, 24249633)	118
(23159708, 24248368)	69
(23159708, 24249024)	56
(23159708, 24249556)	54
(23159708, 24250000)	65
(23159708, 24250952)	52
(23245812, 23247492)	67
(23392037, 23394863)	73
(23392205, 23394863)	58
(23394863, 23401789)	71
(23394863, 24460945)	51
(23479034, 23504650)	55
(23482293, 23542603)	70
(23483082, 23504650)	58
(23484229, 23542603)	58
(23485588, 23530412)	105
(24248368, 24249024)	60
(24248994, 24249746)	85
(24248994, 24250750)	55
(24249556, 24249600)	74
(24249556, 24249700)	54
(24249556, 24250952)	77
(24249600, 24249680)	52
(24249600, 24249700)	55
(24249600, 24250952)	70
(24249633, 24250175)	69
(24249633, 24250603)	89
(24249680, 24250952)	63
(24249700, 24250952)	64
(24249746, 24250750)	78
(24734015, 37780213)	73
(25226929, 25227243)	57
(25226929, 25228087)	73
(25226929, 25228203)	54
(25226929, 25251223)	58
(25226929, 25251327)	77
(25226929, 25251379)	72
(25226929, 25252379)	70
(25226929, 25252431)	58
(25226929, 25257943)	64
(25226929, 25263739)	53
(25226929, 25263775)	64
(25226929, 25276879)	51
(25226929, 25276911)	63
(25226929, 25277059)	59
(25227032, 25251204)	58
(25227032, 25251576)	56
(25227032, 25251996)	54
(25227032, 25252428)	76
(25227032, 25257692)	52
(25227032, 25257808)	53
(25227032, 25263520)	61
(25227032, 25263552)	52
(25227032, 25263732)	74
(25227032, 25263764)	69
(25227032, 25263824)	55
(25227032, 25272956)	63
(25227032, 25276824)	87
(25227032, 25277004)	64
(25227243, 25227977)	53
(25227243, 25228189)	52
(25227243, 25251921)	71
(25227243, 25257369)	61
(25227243, 25257553)	63
(25227243, 25257709)	52
(25227243, 25257777)	66
(25227243, 25263809)	59
(25227243, 25272649)	78
(25227243, 25272709)	60
(25227243, 25272881)	66
(25227243, 25272897)	64
(25227243, 25276809)	83
(25227243, 25276937)	54
(25227243, 25276997)	84
(25227243, 25277013)	83
(25227243, 25277037)	78
(25227977, 25251223)	54
(25227977, 25257599)	51
(25228087, 25251921)	55
(25228087, 25257369)	53
(25228087, 25263809)	55
(25228087, 25272709)	52
(25228087, 25276809)	51
(25228087, 25277037)	51
(25228096, 25251996)	53
(25228096, 25252428)	57
(25228096, 25263824)	57
(25228145, 25257943)	53
(25228169, 25228255)	51
(25228169, 25252431)	52
(25228189, 25228255)	59
(25228189, 25257943)	54
(25251204, 25251996)	56
(25251204, 25252428)	73
(25251204, 25263732)	61
(25251204, 25263764)	63
(25251204, 25272956)	66
(25251204, 25276824)	61
(25251204, 25277004)	55
(25251223, 25251921)	53
(25251223, 25257553)	56
(25251223, 25257777)	56
(25251223, 25263809)	53
(25251223, 25272649)	61
(25251223, 25272709)	55
(25251223, 25272881)	62
(25251223, 25272897)	69
(25251223, 25276809)	63
(25251223, 25276937)	56
(25251223, 25276997)	62
(25251223, 25277013)	64
(25251223, 25277037)	62
(25251342, 25257526)	58
(25251342, 25257754)	58
(25251342, 25273062)	59
(25251342, 25273094)	52
(25251379, 25257553)	51
(25251576, 25252428)	52
(25251576, 25276824)	53
(25251576, 25277004)	61
(25251921, 25252379)	77
(25251921, 25276863)	54
(25251921, 25277059)	53
(25251996, 25252428)	60
(25251996, 25272956)	54
(25251996, 25276824)	54
(25251996, 25276844)	51
(25251996, 25277004)	64
(25252039, 25252085)	59
(25252379, 25257369)	60
(25252379, 25257553)	59
(25252379, 25257777)	71
(25252379, 25263809)	72
(25252379, 25272649)	55
(25252379, 25272709)	68
(25252379, 25276809)	72
(25252379, 25276997)	67
(25252379, 25277013)	79
(25252379, 25277037)	73
(25252428, 25257628)	52
(25252428, 25257692)	53
(25252428, 25257808)	56
(25252428, 25263520)	54
(25252428, 25263552)	54
(25252428, 25263732)	68
(25252428, 25263764)	72
(25252428, 25263824)	60
(25252428, 25272956)	76
(25252428, 25276824)	81
(25252428, 25277004)	70
(25252431, 25272649)	60
(25252431, 25272897)	53
(25252431, 25276809)	54
(25252431, 25276997)	64
(25252431, 25277013)	51
(25252431, 25277037)	66
(25257369, 25257943)	51
(25257369, 25263775)	57
(25257553, 25257943)	59
(25257553, 25263775)	55
(25257628, 25272956)	53
(25257777, 25257943)	56
(25257777, 25263739)	51
(25257808, 25272956)	51
(25257943, 25263809)	53
(25257943, 25272649)	56
(25257943, 25272709)	51
(25257943, 25272881)	65
(25257943, 25272897)	66
(25257943, 25276809)	75
(25257943, 25276901)	51
(25257943, 25276937)	70
(25257943, 25276997)	71
(25257943, 25277013)	69
(25257943, 25277037)	68
(25263520, 25263552)	63
(25263520, 25272956)	52
(25263707, 25276809)	54
(25263739, 25272649)	53
(25263739, 25276809)	60
(25263764, 25272956)	51
(25263775, 25263809)	54
(25263775, 25272649)	57
(25263824, 25277004)	53
(25272822, 25272938)	52
(25272956, 25276824)	53
(25276809, 25276911)	58
(25276809, 25277059)	58
(25276997, 25277059)	59
(25277037, 25277059)	57
(25603870, 25691822)	74
(25671155, 25694725)	70
(25671155, 25697417)	69
(25671155, 25703185)	69
(25694725, 25707187)	64
(25697417, 25707187)	66
(25703185, 25707187)	66
(25926185, 25932023)	84
(26017843, 28070093)	69
(26660003, 26666969)	62
(27050336, 27050732)	60
(27050435, 27050981)	53
(27203464, 27307372)	77
(29762766, 29764822)	65
(29762766, 29777494)	66
(29762766, 29777986)	73
(29777494, 29777986)	52
(30228483, 36752797)	103
(38088660, 38101016)	61
(38408751, 38412945)	64
