(11114, 2360572)	56
(25458, 25917536)	77
(31854, 32240)	83
(48711, 31519031)	131
(106713, 106721)	57
(184843, 184847)	141
(358055, 2307327)	95
(411040, 15221658)	53
(418001, 23620073)	60
(515807, 516675)	54
(630774, 631072)	54
(725188, 7907650)	68
(725188, 9941558)	72
(725188, 21399950)	58
(725188, 23019442)	51
(725188, 23046250)	74
(725188, 23054058)	76
(725188, 23073658)	62
(725188, 23097030)	71
(857775, 858035)	88
(1061973, 8991261)	79
(1750096, 1755222)	54
(1750592, 1755222)	61
(1751017, 1755221)	52
(1827222, 1842296)	74
(1903966, 38088660)	159
(2003816, 4481186)	94
(2003816, 10169046)	54
(2003816, 17087662)	88
(2003816, 23112718)	75
(2003816, 24248994)	134
(2003816, 24249746)	113
(2003816, 24250750)	78
(2010860, 11473446)	62
(2310516, 2313290)	70
(2310516, 6941578)	61
(2310516, 12484842)	71
(2310516, 12649182)	60
(2310516, 14078934)	62
(2310516, 16277874)	71
(2310516, 23448234)	63
(2313290, 6962196)	68
(2313290, 14438180)	68
(2313290, 16227056)	72
(2313290, 23389340)	91
(2728269, 3567329)	53
(2728269, 3570569)	53
(2728269, 8779717)	61
(2728269, 16804773)	53
(2771648, 2798274)	75
(2771648, 3683258)	65
(2771648, 4871898)	54
(2771648, 8812058)	68
(2771648, 11952778)	72
(2771648, 14725830)	54
(2771648, 16686754)	94
(2798274, 9772036)	69
(2798274, 14994756)	79
(2825257, 7084989)	74
(2974354, 6037680)	64
(2974354, 6125892)	83
(2974354, 9717524)	72
(2974354, 23485588)	90
(2974354, 23530412)	72
(3390093, 18074073)	55
(3464449, 9354469)	90
(3464449, 24249633)	51
(3475667, 3829299)	53
(3475667, 3846727)	87
(3475667, 16617843)	59
(3475667, 23158463)	52
(3475667, 24249663)	56
(3475667, 24250603)	56
(3517219, 24837167)	83
(3567329, 3570569)	59
(3567329, 8779717)	54
(3567329, 14254709)	53
(3567329, 16804773)	79
(3570569, 8779717)	57
(3570569, 16804773)	63
(3683258, 9772036)	74
(3683258, 14994756)	67
(3829299, 3846727)	56
(3829299, 16617843)	63
(3829299, 23158463)	71
(3829299, 24249663)	79
(3829299, 24249799)	63
(3829299, 24250175)	87
(3829299, 24250519)	77
(3829299, 24250555)	63
(3829299, 24250603)	87
(3846727, 6390179)	52
(3846727, 16617843)	55
(3846727, 23158463)	67
(3846727, 24249663)	64
(3846727, 24249799)	53
(3846727, 24250603)	65
(3947593, 3951433)	63
(3947593, 3951505)	62
(3951433, 3951505)	125
(3951586, 3951664)	160
(3951586, 3951728)	136
(3951664, 3957342)	78
(3951728, 3957342)	94
(4481186, 6386968)	60
(4481186, 23126996)	75
(4481186, 23136340)	67
(4481186, 24249556)	73
(4481186, 24249600)	75
(4481186, 24249680)	72
(4481186, 24249700)	67
(4481186, 24250952)	70
(4730227, 6477419)	52
(4730227, 15744255)	66
(4871898, 9772036)	78
(4949410, 5016840)	65
(4949410, 25227032)	52
(4949410, 25228096)	67
(4949410, 25251204)	51
(4949410, 25251576)	58
(4949410, 25251996)	62
(4949410, 25252428)	66
(4949410, 25257628)	51
(4949410, 25257692)	54
(4949410, 25257808)	53
(4949410, 25272956)	59
(4949410, 25276824)	66
(4949410, 25277004)	75
(4962368, 25228158)	52
(4962368, 25228214)	51
(4962368, 25257526)	51
(4962368, 25257754)	52
(5001220, 25227946)	84
(5001220, 25228158)	56
(5001220, 25228214)	57
(5001220, 25251342)	51
(5001220, 25257526)	65
(5001220, 25257754)	67
(5001220, 25263786)	52
(5001220, 25272822)	58
(5001220, 25272938)	53
(5016840, 25251342)	71
(5016840, 25257526)	61
(5016840, 25257754)	73
(5016840, 25263786)	54
(5034542, 6125892)	52
(5119937, 23482293)	57
(5279293, 7191829)	56
(5279293, 23392037)	51
(5279293, 23392205)	51
(5369675, 16215351)	61
(5369675, 23394863)	56
(5399219, 10544043)	65
(5399219, 17934051)	52
(5399219, 21696535)	51
(5498942, 19528540)	56
(5498942, 23247492)	53
(5784184, 23136538)	58
(5784184, 24249746)	56
(5784184, 24250750)	64
(5885229, 5911133)	54
(5885229, 11153273)	64
(5885229, 11209725)	73
(5911133, 11153273)	58
(5911133, 11173693)	71
(5911133, 11209725)	69
(6037680, 23479034)	68
(6037680, 23504650)	57
(6125892, 23479034)	70
(6125892, 23504650)	78
(6188213, 6248777)	51
(6188213, 9354469)	55
(6188213, 16618433)	51
(6188213, 18039913)	53
(6188213, 23124485)	57
(6248777, 9319301)	51
(6248777, 9354469)	69
(6248777, 16618433)	56
(6248777, 18039913)	57
(6248777, 18074073)	58
(6248777, 23120781)	64
(6248777, 23124485)	64
(6350449, 16618433)	53
(6386968, 17087662)	66
(6386968, 23112718)	62
(6386968, 23136538)	54
(6386968, 24248994)	71
(6386968, 24249746)	91
(6386968, 24250750)	94
(6390179, 16617843)	64
(6390179, 24250175)	51
(6390179, 24250519)	51
(6390179, 24250555)	57
(6390179, 24250603)	52
(6477419, 15744255)	76
(6872084, 10169046)	59
(6872084, 17087662)	51
(6872084, 23112718)	54
(6872084, 23136538)	57
(6872084, 24248994)	58
(6872084, 24249746)	70
(6872084, 24250750)	72
(6941578, 6941892)	56
(6941578, 6962196)	69
(6941578, 14438180)	67
(6941578, 16227056)	63
(6941578, 23389340)	82
(6941892, 12484842)	58
(6941892, 12649182)	51
(6941892, 14078934)	51
(6941892, 16277874)	79
(6941892, 23448234)	51
(6962196, 12484842)	67
(6962196, 12649182)	61
(6962196, 14078934)	58
(6962196, 16277874)	58
(6962196, 23448234)	78
(6999684, 23408886)	72
(7176307, 16215351)	51
(7191829, 23392037)	72
(7191829, 23392205)	53
(7191829, 23401789)	59
(7191829, 24460945)	53
(7521075, 7543291)	61
(7631860, 7907650)	66
(7631860, 9941558)	54
(7631860, 23046250)	65
(7631860, 23054058)	65
(7631860, 23073658)	65
(7631860, 23097030)	55
(7657291, 20033131)	58
(7657291, 23052647)	59
(7657291, 23068647)	60
(7657291, 23071755)	52
(7901312, 7907650)	77
(7901312, 9941558)	54
(7901312, 23046250)	63
(7901312, 23054058)	70
(7901312, 23073658)	66
(7907650, 8518452)	75
(7907650, 10399380)	63
(7907650, 11358760)	67
(7907650, 23065612)	74
(7907650, 23090816)	89
(7907650, 23102804)	78
(8210695, 10544043)	77
(8210695, 17934051)	66
(8210695, 21696535)	53
(8210695, 23238467)	75
(8210695, 23285559)	55
(8340338, 17655796)	64
(8340338, 19528540)	76
(8340338, 23245812)	69
(8340338, 23247492)	65
(8518452, 9941558)	69
(8518452, 21399950)	56
(8518452, 23046250)	71
(8518452, 23054058)	79
(8518452, 23073658)	56
(8518452, 23097030)	67
(8716691, 13097343)	121
(8746080, 9119662)	57
(8746080, 11174246)	52
(8779717, 16804773)	61
(8812058, 9772036)	98
(8812058, 14994756)	75
(9119662, 11159548)	73
(9119662, 13134464)	71
(9319301, 9354469)	60
(9319301, 13214533)	53
(9319301, 23124485)	53
(9319301, 24248445)	52
(9354469, 13214533)	55
(9354469, 16618433)	55
(9354469, 18039913)	66
(9354469, 18074073)	73
(9354469, 23120781)	72
(9354469, 23124485)	83
(9354469, 24248445)	53
(9354469, 24249633)	75
(9717524, 23479034)	52
(9717524, 23504650)	69
(9772036, 11952778)	73
(9772036, 14725830)	65
(9772036, 16686754)	78
(9772036, 16789398)	52
(9941558, 10399380)	54
(9941558, 23065612)	67
(9941558, 23090816)	67
(9941558, 23102804)	71
(10169046, 23159708)	55
(10169046, 24248368)	54
(10169046, 24250000)	64
(10347343, 10929843)	51
(10347343, 10930031)	51
(10347343, 10930111)	53
(10347343, 10930255)	51
(10398449, 19344413)	53
(10398449, 20084005)	64
(10398449, 23048749)	55
(10399380, 21399950)	56
(10399380, 23054058)	61
(10399380, 23097030)	57
(10506513, 10509369)	59
(10506513, 10567129)	88
(10506513, 21628493)	95
(10509369, 10567129)	65
(10509369, 21628493)	56
(10544043, 17934051)	78
(10544043, 21696535)	73
(10544043, 23238467)	67
(10544043, 23285559)	52
(10567129, 21628493)	99
(10701462, 10850652)	54
(10701462, 10907840)	73
(10701462, 10907860)	61
(10701462, 10907928)	64
(10701462, 10907996)	64
(10701462, 10908144)	62
(10701462, 10908260)	67
(10701462, 10910076)	67
(10701462, 10910144)	58
(10701462, 10910204)	57
(10701462, 10912144)	80
(10701462, 10919432)	83
(10701462, 10919548)	80
(10701462, 10920544)	86
(10701462, 10920880)	77
(10701462, 10928516)	108
(10701462, 10928532)	96
(10701462, 10928584)	125
(10701462, 10928688)	64
(10701462, 10928744)	124
(10701462, 10928852)	126
(10701462, 10929396)	124
(10701462, 10929476)	129
(10701462, 10929604)	130
(10701462, 10929644)	128
(10701462, 10929788)	57
(10701462, 10929900)	123
(10701462, 10930292)	105
(10701462, 10930500)	63
(10701462, 10930800)	80
(10701462, 10930960)	96
(10701462, 10931052)	81
(10701462, 10931104)	90
(10701462, 10931304)	108
(10701462, 10931480)	102
(10804519, 10908695)	64
(10804519, 10909247)	63
(10804519, 10910319)	83
(10804519, 10910559)	71
(10804519, 10910795)	76
(10804519, 10910907)	65
(10804519, 10911739)	57
(10804519, 10911847)	54
(10804519, 10911923)	59
(10804519, 10911951)	57
(10804519, 10919683)	56
(10804519, 10920299)	63
(10804519, 10920479)	55
(10804519, 10920599)	61
(10804519, 10920663)	61
(10804519, 10920715)	69
(10804519, 10928771)	69
(10804519, 10929823)	67
(10804519, 10929843)	69
(10804519, 10929871)	67
(10804519, 10930031)	70
(10804519, 10930111)	70
(10804519, 10930255)	61
(10804519, 10930811)	53
(10804519, 10931679)	51
(10804519, 10931811)	66
(10804519, 10931855)	56
(10850652, 10907878)	107
(10850652, 10907890)	119
(10850652, 10907962)	57
(10850652, 10908202)	88
(10850652, 10908794)	62
(10850652, 10909210)	65
(10850652, 10909234)	68
(10850652, 10909322)	65
(10850652, 10910062)	108
(10850652, 10910122)	105
(10850652, 10910442)	104
(10850652, 10910526)	98
(10850652, 10910650)	87
(10850652, 10911490)	53
(10850652, 10911530)	52
(10850652, 10912098)	51
(10850652, 10919406)	53
(10850652, 10920174)	55
(10850652, 10929314)	61
(10850652, 10929498)	56
(10850652, 10929746)	61
(10850652, 10929774)	60
(10850652, 10929802)	65
(10850652, 10930174)	60
(10850652, 10930218)	58
(10850652, 10930434)	57
(10850652, 10931070)	56
(10850652, 10931406)	53
(10907840, 10907878)	56
(10907840, 10907890)	64
(10907840, 10908202)	60
(10907840, 10908794)	78
(10907840, 10910062)	52
(10907840, 10910122)	70
(10907840, 10910442)	71
(10907840, 10910526)	63
(10907840, 10911210)	58
(10907840, 10911490)	52
(10907840, 10919406)	60
(10907840, 10920174)	54
(10907840, 10929314)	57
(10907840, 10931070)	57
(10907840, 10931406)	55
(10907860, 10907878)	59
(10907860, 10907890)	55
(10907860, 10908202)	57
(10907860, 10908794)	66
(10907860, 10910062)	57
(10907860, 10910122)	56
(10907860, 10910442)	68
(10907860, 10910526)	66
(10907860, 10911530)	51
(10907860, 10920174)	52
(10907860, 10929314)	51
(10907860, 10931406)	52
(10907878, 10907928)	60
(10907878, 10907996)	51
(10907878, 10908144)	55
(10907878, 10908260)	58
(10907878, 10908652)	51
(10907878, 10910076)	67
(10907878, 10910144)	52
(10907878, 10910204)	60
(10907878, 10931304)	59
(10907890, 10907928)	56
(10907890, 10908260)	58
(10907890, 10908652)	56
(10907890, 10910076)	61
(10907890, 10910144)	51
(10907890, 10910204)	64
(10907890, 10931304)	58
(10907928, 10908202)	53
(10907928, 10908794)	64
(10907928, 10910122)	65
(10907928, 10910442)	76
(10907928, 10910526)	59
(10907928, 10920174)	53
(10907928, 10929314)	53
(10907996, 10908202)	53
(10907996, 10908794)	71
(10907996, 10910062)	51
(10907996, 10910122)	57
(10907996, 10910442)	60
(10907996, 10911210)	51
(10907996, 10919406)	56
(10907996, 10920174)	67
(10907996, 10929314)	51
(10908085, 10908229)	51
(10908085, 10909853)	71
(10908144, 10908202)	67
(10908144, 10908794)	61
(10908144, 10910442)	59
(10908144, 10910650)	51
(10908144, 10920174)	57
(10908202, 10908260)	82
(10908202, 10908652)	55
(10908202, 10910076)	51
(10908202, 10910144)	51
(10908202, 10910204)	54
(10908202, 10912144)	54
(10908202, 10928532)	51
(10908202, 10931304)	65
(10908202, 10931480)	53
(10908229, 10909853)	82
(10908229, 10910757)	51
(10908229, 10919757)	56
(10908229, 10919809)	62
(10908229, 10921085)	64
(10908229, 10921473)	60
(10908229, 10929273)	58
(10908229, 10931449)	55
(10908229, 10931965)	69
(10908260, 10908794)	65
(10908260, 10909210)	51
(10908260, 10909234)	52
(10908260, 10910062)	51
(10908260, 10910122)	58
(10908260, 10910442)	63
(10908260, 10920174)	62
(10908260, 10929314)	51
(10908260, 10929746)	51
(10908652, 10908794)	54
(10908652, 10910122)	52
(10908652, 10910650)	52
(10908652, 10920174)	51
(10908665, 10909853)	62
(10908695, 10910319)	53
(10908794, 10910076)	62
(10908794, 10910144)	58
(10908794, 10910204)	58
(10908794, 10912144)	102
(10908794, 10919432)	92
(10908794, 10919548)	87
(10908794, 10920544)	77
(10908794, 10920880)	93
(10908794, 10928516)	92
(10908794, 10928532)	88
(10908794, 10928584)	79
(10908794, 10928744)	79
(10908794, 10928852)	76
(10908794, 10929396)	80
(10908794, 10929476)	81
(10908794, 10929604)	75
(10908794, 10929644)	80
(10908794, 10929900)	78
(10908794, 10930292)	70
(10908794, 10930500)	53
(10908794, 10930800)	59
(10908794, 10930960)	80
(10908794, 10931052)	87
(10908794, 10931104)	79
(10908794, 10931304)	83
(10908794, 10931480)	78
(10908823, 10911895)	65
(10909165, 10909853)	59
(10909247, 10910319)	51
(10909853, 10910757)	81
(10909853, 10910865)	56
(10909853, 10910945)	55
(10909853, 10911465)	51
(10909853, 10911801)	52
(10909853, 10912057)	54
(10909853, 10919637)	59
(10909853, 10919757)	65
(10909853, 10919809)	61
(10909853, 10920341)	61
(10909853, 10921085)	61
(10909853, 10921473)	53
(10909853, 10928525)	58
(10909853, 10928545)	71
(10909853, 10928597)	60
(10909853, 10928705)	56
(10909853, 10929273)	61
(10909853, 10929713)	60
(10909853, 10929925)	56
(10909853, 10930941)	59
(10909853, 10931449)	61
(10909853, 10931965)	59
(10910062, 10910076)	82
(10910062, 10910144)	64
(10910062, 10910204)	71
(10910062, 10931304)	55
(10910076, 10910122)	68
(10910076, 10910442)	73
(10910076, 10910526)	63
(10910076, 10910650)	53
(10910076, 10919406)	51
(10910076, 10920174)	57
(10910076, 10929314)	51
(10910122, 10910144)	87
(10910122, 10910204)	73
(10910122, 10928584)	51
(10910122, 10929396)	51
(10910122, 10929476)	51
(10910122, 10931304)	57
(10910122, 10931480)	51
(10910144, 10910442)	60
(10910144, 10910526)	70
(10910204, 10910442)	75
(10910204, 10910526)	60
(10910204, 10910650)	68
(10910204, 10929314)	53
(10910319, 10910559)	75
(10910319, 10910795)	76
(10910319, 10910907)	54
(10910319, 10920299)	53
(10910319, 10920599)	53
(10910319, 10920663)	53
(10910319, 10920715)	58
(10910319, 10928771)	60
(10910319, 10929823)	56
(10910319, 10929843)	58
(10910319, 10929871)	58
(10910319, 10930031)	51
(10910319, 10930111)	58
(10910319, 10931811)	59
(10910442, 10928516)	57
(10910442, 10928532)	51
(10910442, 10929396)	51
(10910442, 10929644)	54
(10910442, 10931304)	54
(10910559, 10910795)	75
(10910757, 10919757)	54
(10910757, 10919809)	55
(10910757, 10921085)	61
(10910757, 10921473)	58
(10910757, 10929273)	56
(10910757, 10931965)	60
(10910795, 10931811)	56
(10910865, 10921085)	56
(10910907, 10911739)	55
(10910907, 10911847)	56
(10910907, 10911923)	58
(10910907, 10911951)	58
(10910907, 10919683)	60
(10910907, 10920299)	52
(10910907, 10920599)	56
(10910907, 10920715)	58
(10910907, 10928771)	52
(10910907, 10929871)	52
(10910907, 10930111)	54
(10910907, 10931679)	51
(10910907, 10931811)	63
(10910907, 10931855)	53
(10910945, 10911465)	67
(10910945, 10911801)	63
(10910945, 10912057)	56
(10910945, 10919637)	64
(10910945, 10919757)	63
(10910945, 10919809)	68
(10910945, 10920341)	59
(10910945, 10920785)	61
(10910945, 10921085)	83
(10910945, 10921473)	80
(10910945, 10928545)	56
(10910945, 10928597)	52
(10910945, 10929273)	66
(10910945, 10930941)	52
(10910945, 10931449)	67
(10910945, 10931965)	67
(10911054, 10912144)	57
(10911054, 10919432)	58
(10911054, 10920880)	58
(10911210, 10912144)	83
(10911210, 10919432)	78
(10911210, 10919548)	72
(10911210, 10920544)	63
(10911210, 10920880)	76
(10911210, 10928516)	74
(10911210, 10928532)	69
(10911210, 10928584)	65
(10911210, 10928744)	64
(10911210, 10928852)	66
(10911210, 10929396)	65
(10911210, 10929476)	65
(10911210, 10929604)	63
(10911210, 10929644)	66
(10911210, 10929900)	63
(10911210, 10930292)	60
(10911210, 10930800)	51
(10911210, 10930960)	72
(10911210, 10931052)	65
(10911210, 10931104)	61
(10911210, 10931304)	72
(10911210, 10931480)	60
(10911429, 10921249)	59
(10911429, 10921297)	58
(10911465, 10911801)	68
(10911465, 10912057)	62
(10911465, 10919493)	58
(10911465, 10919637)	67
(10911465, 10919757)	65
(10911465, 10919809)	66
(10911465, 10920341)	54
(10911465, 10920785)	65
(10911465, 10921085)	82
(10911465, 10921473)	76
(10911465, 10928525)	59
(10911465, 10928545)	64
(10911465, 10928597)	55
(10911465, 10928705)	57
(10911465, 10929273)	65
(10911465, 10929713)	51
(10911465, 10930941)	53
(10911465, 10931449)	58
(10911465, 10931965)	58
(10911490, 10912144)	72
(10911490, 10919432)	60
(10911490, 10919548)	58
(10911490, 10920544)	53
(10911490, 10920880)	68
(10911490, 10928516)	69
(10911490, 10928532)	60
(10911490, 10928584)	61
(10911490, 10928744)	62
(10911490, 10929396)	62
(10911490, 10929476)	53
(10911490, 10929604)	54
(10911490, 10929644)	56
(10911490, 10929900)	52
(10911490, 10930292)	59
(10911490, 10930960)	59
(10911490, 10931052)	57
(10911490, 10931104)	61
(10911490, 10931304)	67
(10911490, 10931480)	62
(10911530, 10912144)	62
(10911530, 10919432)	71
(10911530, 10919548)	59
(10911530, 10920544)	60
(10911530, 10920880)	70
(10911530, 10928516)	65
(10911530, 10928532)	58
(10911530, 10928744)	52
(10911530, 10928852)	53
(10911530, 10929396)	61
(10911530, 10929604)	53
(10911530, 10929644)	55
(10911530, 10929900)	52
(10911530, 10930960)	58
(10911530, 10931052)	63
(10911530, 10931104)	51
(10911530, 10931304)	64
(10911530, 10931480)	55
(10911602, 10911772)	63
(10911602, 10920928)	71
(10911602, 10921212)	55
(10911710, 10911772)	61
(10911710, 10920928)	72
(10911710, 10921212)	53
(10911739, 10911847)	66
(10911739, 10911923)	60
(10911739, 10911951)	55
(10911739, 10919683)	68
(10911739, 10920599)	60
(10911739, 10920663)	58
(10911739, 10920715)	60
(10911739, 10929823)	51
(10911739, 10930255)	53
(10911739, 10931679)	53
(10911739, 10931811)	58
(10911739, 10931855)	54
(10911772, 10912186)	65
(10911772, 10921414)	52
(10911772, 10921530)	56
(10911801, 10912057)	61
(10911801, 10919637)	72
(10911801, 10919757)	73
(10911801, 10919809)	63
(10911801, 10920785)	69
(10911801, 10921085)	84
(10911801, 10921473)	84
(10911801, 10928525)	53
(10911801, 10928545)	51
(10911801, 10929273)	63
(10911801, 10931449)	65
(10911801, 10931965)	72
(10911847, 10911923)	63
(10911847, 10911951)	65
(10911847, 10919683)	65
(10911847, 10920479)	51
(10911847, 10920599)	56
(10911847, 10920663)	62
(10911847, 10920715)	60
(10911847, 10931811)	58
(10911847, 10931855)	56
(10911923, 10911951)	66
(10911923, 10919683)	67
(10911923, 10920299)	57
(10911923, 10920599)	57
(10911923, 10920663)	62
(10911923, 10920715)	68
(10911923, 10931811)	63
(10911923, 10931855)	52
(10911951, 10919683)	68
(10911951, 10920299)	51
(10911951, 10920479)	51
(10911951, 10920599)	55
(10911951, 10920663)	63
(10911951, 10920715)	67
(10911951, 10931811)	63
(10911951, 10931855)	52
(10912057, 10919493)	53
(10912057, 10919637)	65
(10912057, 10919757)	62
(10912057, 10919809)	61
(10912057, 10920341)	60
(10912057, 10920785)	61
(10912057, 10921085)	76
(10912057, 10921473)	82
(10912057, 10928545)	53
(10912057, 10928597)	54
(10912057, 10929273)	65
(10912057, 10931449)	53
(10912057, 10931965)	62
(10912098, 10912144)	81
(10912098, 10919432)	65
(10912098, 10919548)	58
(10912098, 10920544)	51
(10912098, 10920880)	75
(10912098, 10928516)	56
(10912098, 10928532)	56
(10912098, 10928584)	53
(10912098, 10928852)	53
(10912098, 10929396)	56
(10912098, 10929476)	56
(10912098, 10929604)	52
(10912098, 10929644)	57
(10912098, 10930292)	53
(10912098, 10930960)	51
(10912098, 10931052)	55
(10912098, 10931104)	53
(10912098, 10931304)	65
(10912098, 10931480)	56
(10912144, 10919406)	75
(10912144, 10920174)	82
(10912144, 10929314)	64
(10912144, 10929498)	58
(10912144, 10929746)	64
(10912144, 10929774)	58
(10912144, 10929802)	63
(10912144, 10930174)	63
(10912144, 10930218)	61
(10912144, 10930434)	60
(10912144, 10931070)	63
(10912144, 10931406)	55
(10912186, 10920928)	69
(10912186, 10921212)	55
(10919406, 10919432)	83
(10919406, 10919548)	77
(10919406, 10920544)	55
(10919406, 10920880)	66
(10919406, 10928516)	67
(10919406, 10928532)	64
(10919406, 10928584)	65
(10919406, 10928744)	59
(10919406, 10928852)	57
(10919406, 10929396)	62
(10919406, 10929476)	59
(10919406, 10929604)	55
(10919406, 10929644)	61
(10919406, 10929900)	65
(10919406, 10930292)	63
(10919406, 10930960)	55
(10919406, 10931052)	61
(10919406, 10931104)	61
(10919406, 10931304)	65
(10919406, 10931480)	67
(10919432, 10920174)	80
(10919432, 10929314)	62
(10919432, 10929498)	55
(10919432, 10929746)	57
(10919432, 10929774)	58
(10919432, 10929802)	59
(10919432, 10930174)	60
(10919432, 10930218)	52
(10919432, 10930434)	56
(10919432, 10931070)	59
(10919432, 10931406)	58
(10919493, 10919637)	59
(10919493, 10919757)	60
(10919493, 10919809)	71
(10919493, 10920341)	52
(10919493, 10920785)	52
(10919493, 10921085)	70
(10919493, 10921473)	71
(10919493, 10928545)	52
(10919493, 10929273)	65
(10919493, 10931449)	61
(10919493, 10931965)	66
(10919548, 10920174)	76
(10919548, 10929314)	59
(10919548, 10929802)	59
(10919548, 10930434)	56
(10919548, 10931070)	53
(10919548, 10931406)	53
(10919637, 10919757)	80
(10919637, 10919809)	87
(10919637, 10920341)	57
(10919637, 10920785)	71
(10919637, 10921085)	87
(10919637, 10921473)	96
(10919637, 10928525)	67
(10919637, 10928545)	65
(10919637, 10928597)	61
(10919637, 10928705)	61
(10919637, 10929273)	71
(10919637, 10929713)	65
(10919637, 10929925)	53
(10919637, 10930941)	56
(10919637, 10931449)	69
(10919637, 10931965)	72
(10919683, 10920299)	60
(10919683, 10920479)	55
(10919683, 10920599)	64
(10919683, 10920663)	70
(10919683, 10920715)	69
(10919683, 10928771)	51
(10919683, 10929823)	58
(10919683, 10929843)	53
(10919683, 10930111)	54
(10919683, 10930255)	52
(10919683, 10931811)	66
(10919683, 10931855)	57
(10919757, 10919809)	101
(10919757, 10920341)	81
(10919757, 10920785)	59
(10919757, 10921085)	89
(10919757, 10921473)	96
(10919757, 10928525)	66
(10919757, 10928545)	76
(10919757, 10928597)	68
(10919757, 10928705)	62
(10919757, 10929273)	73
(10919757, 10929713)	70
(10919757, 10929925)	60
(10919757, 10930941)	65
(10919757, 10931449)	71
(10919757, 10931965)	75
(10919809, 10920341)	76
(10919809, 10920785)	68
(10919809, 10921085)	87
(10919809, 10921473)	95
(10919809, 10928525)	73
(10919809, 10928545)	72
(10919809, 10928597)	73
(10919809, 10928705)	72
(10919809, 10929273)	70
(10919809, 10929713)	72
(10919809, 10929925)	70
(10919809, 10930941)	68
(10919809, 10931449)	69
(10919809, 10931965)	78
(10920174, 10920544)	88
(10920174, 10920880)	73
(10920174, 10928516)	83
(10920174, 10928532)	82
(10920174, 10928584)	85
(10920174, 10928744)	80
(10920174, 10928852)	72
(10920174, 10929396)	85
(10920174, 10929476)	91
(10920174, 10929604)	77
(10920174, 10929644)	82
(10920174, 10929900)	79
(10920174, 10930292)	75
(10920174, 10930500)	61
(10920174, 10930800)	68
(10920174, 10930960)	73
(10920174, 10931052)	69
(10920174, 10931104)	74
(10920174, 10931304)	81
(10920174, 10931480)	74
(10920299, 10920479)	59
(10920299, 10920599)	59
(10920299, 10920663)	59
(10920299, 10920715)	67
(10920299, 10928771)	61
(10920299, 10929823)	67
(10920299, 10929843)	68
(10920299, 10929871)	66
(10920299, 10930031)	67
(10920299, 10930111)	69
(10920299, 10930255)	62
(10920299, 10930811)	52
(10920299, 10931679)	51
(10920299, 10931811)	81
(10920299, 10931855)	58
(10920341, 10921085)	77
(10920341, 10921473)	83
(10920341, 10928525)	57
(10920341, 10928545)	63
(10920341, 10928597)	61
(10920341, 10928705)	58
(10920341, 10929273)	72
(10920341, 10929713)	59
(10920341, 10929925)	65
(10920341, 10930941)	57
(10920341, 10931449)	64
(10920341, 10931965)	81
(10920479, 10920599)	59
(10920479, 10920663)	56
(10920479, 10928771)	51
(10920479, 10929871)	52
(10920479, 10930111)	55
(10920479, 10931811)	71
(10920479, 10931855)	53
(10920544, 10929314)	66
(10920544, 10929498)	56
(10920544, 10929774)	51
(10920544, 10929802)	56
(10920544, 10930174)	55
(10920544, 10930218)	56
(10920544, 10930434)	62
(10920544, 10931406)	54
(10920599, 10920663)	75
(10920599, 10920715)	74
(10920599, 10929823)	61
(10920599, 10929843)	57
(10920599, 10930031)	54
(10920599, 10930111)	60
(10920599, 10930255)	53
(10920599, 10931811)	73
(10920599, 10931855)	60
(10920663, 10920715)	81
(10920663, 10928771)	60
(10920663, 10929823)	57
(10920663, 10929843)	60
(10920663, 10929871)	58
(10920663, 10930031)	64
(10920663, 10930111)	63
(10920663, 10930255)	61
(10920663, 10930811)	55
(10920663, 10931679)	52
(10920663, 10931811)	71
(10920663, 10931855)	60
(10920715, 10928771)	64
(10920715, 10929823)	58
(10920715, 10929843)	59
(10920715, 10929871)	69
(10920715, 10930031)	59
(10920715, 10930111)	60
(10920715, 10930255)	61
(10920715, 10930811)	56
(10920715, 10931679)	52
(10920715, 10931811)	81
(10920715, 10931855)	59
(10920785, 10921085)	79
(10920785, 10921473)	91
(10920785, 10928525)	53
(10920785, 10928545)	58
(10920785, 10928597)	52
(10920785, 10928705)	53
(10920785, 10929273)	64
(10920785, 10931449)	63
(10920785, 10931965)	64
(10920880, 10929314)	66
(10920880, 10929498)	61
(10920880, 10929746)	58
(10920880, 10929774)	61
(10920880, 10929802)	58
(10920880, 10930174)	60
(10920880, 10930218)	58
(10920880, 10930434)	54
(10920880, 10931070)	53
(10920880, 10931406)	56
(10920928, 10921414)	66
(10920928, 10921530)	52
(10921085, 10921473)	95
(10921085, 10928525)	77
(10921085, 10928545)	85
(10921085, 10928597)	73
(10921085, 10928705)	68
(10921085, 10929273)	75
(10921085, 10929713)	73
(10921085, 10929925)	73
(10921085, 10930941)	70
(10921085, 10931449)	76
(10921085, 10931965)	73
(10921212, 10921414)	57
(10921212, 10921530)	56
(10921249, 10921297)	66
(10921473, 10928525)	98
(10921473, 10928545)	99
(10921473, 10928597)	88
(10921473, 10928705)	87
(10921473, 10929273)	83
(10921473, 10929713)	86
(10921473, 10929925)	84
(10921473, 10930941)	81
(10921473, 10931449)	89
(10921473, 10931965)	82
(10928516, 10929314)	82
(10928516, 10929746)	52
(10928516, 10929802)	57
(10928516, 10930434)	63
(10928516, 10931070)	61
(10928516, 10931406)	76
(10928525, 10928545)	61
(10928525, 10928597)	52
(10928525, 10928705)	55
(10928525, 10929273)	65
(10928525, 10930941)	61
(10928525, 10931449)	84
(10928525, 10931965)	94
(10928532, 10929314)	60
(10928532, 10930434)	59
(10928532, 10931406)	66
(10928545, 10929273)	76
(10928545, 10930941)	57
(10928545, 10931449)	79
(10928545, 10931965)	95
(10928545, 10940389)	51
(10928584, 10929314)	70
(10928584, 10929498)	57
(10928584, 10929774)	53
(10928584, 10930174)	55
(10928584, 10930218)	55
(10928584, 10930434)	70
(10928584, 10931406)	57
(10928597, 10928705)	57
(10928597, 10929273)	84
(10928597, 10929713)	57
(10928597, 10929925)	59
(10928597, 10931449)	70
(10928597, 10931965)	83
(10928688, 10928818)	70
(10928688, 10929314)	55
(10928688, 10929678)	55
(10928705, 10929273)	79
(10928705, 10931449)	73
(10928705, 10931965)	81
(10928744, 10929314)	83
(10928744, 10929498)	52
(10928744, 10929746)	51
(10928744, 10930174)	53
(10928744, 10930218)	56
(10928744, 10930434)	69
(10928744, 10931406)	62
(10928771, 10929823)	63
(10928771, 10929843)	69
(10928771, 10929871)	60
(10928771, 10930031)	65
(10928771, 10930111)	59
(10928771, 10930255)	57
(10928771, 10930811)	53
(10928771, 10931679)	56
(10928771, 10931811)	87
(10928771, 10931855)	63
(10928852, 10929314)	75
(10928852, 10929498)	71
(10928852, 10929746)	63
(10928852, 10929774)	63
(10928852, 10929802)	56
(10928852, 10930174)	65
(10928852, 10930218)	75
(10928852, 10930434)	78
(10928852, 10931406)	73
(10929273, 10929517)	55
(10929273, 10929713)	94
(10929273, 10929925)	84
(10929273, 10930941)	76
(10929273, 10931449)	72
(10929273, 10931965)	81
(10929314, 10929396)	89
(10929314, 10929476)	86
(10929314, 10929604)	75
(10929314, 10929644)	81
(10929314, 10929900)	82
(10929314, 10930292)	66
(10929314, 10930500)	51
(10929314, 10930800)	63
(10929314, 10930960)	60
(10929314, 10931052)	63
(10929314, 10931104)	66
(10929314, 10931304)	72
(10929314, 10931480)	74
(10929396, 10929498)	66
(10929396, 10929746)	63
(10929396, 10929774)	69
(10929396, 10929802)	68
(10929396, 10930174)	62
(10929396, 10930218)	58
(10929396, 10930434)	80
(10929396, 10931070)	57
(10929396, 10931406)	69
(10929476, 10929498)	57
(10929476, 10929802)	54
(10929476, 10930174)	52
(10929476, 10930218)	55
(10929476, 10930434)	74
(10929476, 10931406)	62
(10929498, 10929604)	60
(10929498, 10929644)	53
(10929498, 10930800)	56
(10929498, 10930960)	51
(10929498, 10931104)	57
(10929498, 10931304)	65
(10929498, 10931480)	64
(10929517, 10929541)	53
(10929604, 10930434)	78
(10929604, 10931406)	63
(10929644, 10930174)	54
(10929644, 10930218)	52
(10929644, 10930434)	73
(10929644, 10931406)	67
(10929713, 10930941)	57
(10929713, 10931449)	70
(10929713, 10931965)	86
(10929746, 10930800)	54
(10929746, 10930960)	56
(10929746, 10931052)	56
(10929746, 10931304)	75
(10929746, 10931480)	69
(10929774, 10930292)	52
(10929774, 10930800)	55
(10929774, 10930960)	54
(10929774, 10931104)	52
(10929774, 10931304)	76
(10929774, 10931480)	62
(10929802, 10930800)	56
(10929802, 10930960)	54
(10929802, 10931104)	53
(10929802, 10931304)	67
(10929802, 10931480)	70
(10929823, 10930111)	56
(10929823, 10930255)	52
(10929823, 10930811)	53
(10929823, 10931679)	54
(10929823, 10931811)	76
(10929823, 10931855)	66
(10929843, 10930031)	55
(10929843, 10930255)	56
(10929843, 10930811)	58
(10929843, 10931679)	55
(10929843, 10931811)	78
(10929843, 10931855)	67
(10929871, 10930111)	56
(10929871, 10930255)	52
(10929871, 10930811)	54
(10929871, 10931679)	56
(10929871, 10931811)	84
(10929871, 10931855)	63
(10929900, 10930174)	53
(10929900, 10930218)	52
(10929900, 10930434)	70
(10929900, 10931406)	68
(10929925, 10930941)	52
(10929925, 10931449)	75
(10929925, 10931965)	83
(10929949, 10931449)	51
(10930031, 10930111)	63
(10930031, 10930255)	67
(10930031, 10930811)	56
(10930031, 10931679)	61
(10930031, 10931811)	81
(10930031, 10931855)	64
(10930111, 10930255)	72
(10930111, 10930811)	53
(10930111, 10931679)	59
(10930111, 10931811)	85
(10930111, 10931855)	68
(10930174, 10930292)	51
(10930174, 10930800)	53
(10930174, 10930960)	54
(10930174, 10931104)	56
(10930174, 10931304)	74
(10930174, 10931480)	68
(10930218, 10930292)	58
(10930218, 10930800)	54
(10930218, 10930960)	53
(10930218, 10931104)	54
(10930218, 10931304)	71
(10930218, 10931480)	63
(10930255, 10930811)	58
(10930255, 10931679)	53
(10930255, 10931811)	81
(10930255, 10931855)	70
(10930292, 10930434)	72
(10930292, 10931406)	62
(10930434, 10930800)	58
(10930434, 10930960)	66
(10930434, 10931104)	56
(10930434, 10931304)	74
(10930434, 10931480)	64
(10930500, 10931406)	53
(10930800, 10931406)	56
(10930811, 10931811)	63
(10930811, 10931855)	55
(10930941, 10931449)	82
(10930941, 10931965)	77
(10930960, 10931070)	54
(10930960, 10931406)	66
(10931052, 10931070)	71
(10931052, 10931406)	57
(10931070, 10931104)	62
(10931070, 10931304)	69
(10931070, 10931480)	62
(10931104, 10931406)	71
(10931187, 10931811)	53
(10931304, 10931406)	93
(10931406, 10931480)	100
(10931449, 10931965)	96
(10931449, 10940389)	54
(10931679, 10931811)	77
(10931679, 10931855)	66
(10931811, 10931855)	100
(10931965, 10940389)	55
(11142715, 13619407)	85
(11142715, 15223575)	69
(11142715, 15252263)	60
(11153273, 11173693)	58
(11153273, 11209725)	82
(11159548, 11174246)	70
(11173693, 11209725)	67
(11173693, 13077805)	59
(11209725, 13077805)	54
(11358760, 23046250)	87
(11358760, 23054058)	60
(11358760, 23073658)	70
(11952778, 14994756)	75
(12484842, 14438180)	75
(12484842, 16227056)	59
(12484842, 23389340)	51
(12649182, 14438180)	61
(12649182, 16227056)	57
(13214533, 23124485)	52
(13214533, 24248445)	66
(13443650, 19528540)	57
(13443650, 23245812)	54
(13619407, 15223575)	74
(13619407, 15252263)	56
(14078934, 14438180)	51
(14078934, 16227056)	56
(14183935, 16215351)	59
(14438180, 16277874)	82
(14438180, 23448234)	61
(14593350, 17655796)	74
(14593350, 19528540)	65
(14593350, 23245812)	71
(14593350, 23247492)	70
(14593350, 23356456)	51
(14725830, 14994756)	57
(14994756, 16686754)	70
(15223575, 15252263)	55
(16215351, 23394863)	62
(16227056, 16277874)	67
(16227056, 23448234)	68
(16277874, 23389340)	74
(16617843, 23158463)	57
(16617843, 24249663)	53
(16617843, 24250175)	57
(16617843, 24250519)	59
(16617843, 24250555)	59
(16617843, 24250603)	63
(16618433, 18039913)	53
(16618433, 23120781)	55
(16969195, 24250175)	54
(16969195, 24250519)	58
(16969195, 24250555)	51
(17087662, 23126996)	87
(17087662, 23136340)	61
(17087662, 24249556)	90
(17087662, 24249600)	86
(17087662, 24249680)	74
(17087662, 24249700)	67
(17087662, 24250952)	69
(17655796, 17655910)	79
(17655910, 19528540)	63
(17655910, 23245812)	68
(17655910, 23247492)	63
(17934051, 21696535)	81
(17934051, 23238467)	97
(17934051, 23285559)	55
(18039913, 23120781)	55
(18039913, 23124485)	63
(18074073, 23120781)	56
(18074073, 23124485)	60
(18074073, 24249633)	64
(19313690, 19313720)	51
(20033131, 23020723)	69
(20033131, 23052647)	69
(20033131, 23067247)	53
(20033131, 23068647)	97
(20033131, 23071755)	63
(20033131, 23075479)	58
(20084005, 23048749)	72
(21696535, 23238467)	74
(23020723, 23052647)	71
(23020723, 23068647)	82
(23020723, 23071755)	72
(23020723, 23075479)	59
(23046250, 23065612)	81
(23046250, 23090816)	95
(23046250, 23102804)	77
(23052647, 23068647)	70
(23052647, 23071755)	52
(23052647, 23075479)	68
(23054058, 23065612)	74
(23054058, 23090816)	88
(23054058, 23102804)	73
(23065612, 23073658)	63
(23065612, 23097030)	58
(23067247, 23068647)	52
(23068647, 23071755)	72
(23068647, 23075479)	65
(23071755, 23075479)	52
(23073658, 23090816)	64
(23073658, 23102804)	60
(23090816, 23097030)	62
(23097030, 23102804)	52
(23112718, 23126996)	72
(23112718, 23136340)	72
(23112718, 24249556)	71
(23112718, 24249600)	70
(23112718, 24249680)	63
(23112718, 24249700)	60
(23112718, 24250952)	63
(23120781, 23124485)	78
(23120781, 24249633)	56
(23124485, 24248445)	53
(23124485, 24249633)	60
(23126996, 24248994)	89
(23126996, 24249746)	105
(23126996, 24250750)	74
(23136340, 23136538)	53
(23136340, 24248994)	75
(23136340, 24249746)	70
(23136340, 24250750)	56
(23136538, 23159708)	69
(23136538, 24248368)	74
(23136538, 24249024)	73
(23136538, 24250000)	52
(23158463, 24249663)	79
(23158463, 24249799)	65
(23158463, 24250175)	70
(23158463, 24250519)	63
(23158463, 24250603)	99
(23159708, 24249746)	55
(23159708, 24250750)	67
(23238467, 23285559)	58
(23389340, 23448234)	81
(23392037, 23392205)	52
(23392037, 23401789)	78
(23392037, 24460945)	51
(23401789, 24460945)	82
(23479034, 23485588)	83
(23479034, 23530412)	79
(23482293, 23484229)	53
(23485588, 23504650)	68
(23504650, 23530412)	64
(23504650, 23531404)	54
(23504650, 23560016)	51
(24248368, 24249746)	51
(24248368, 24250750)	53
(24248994, 24249556)	77
(24248994, 24249600)	81
(24248994, 24249680)	71
(24248994, 24249700)	67
(24248994, 24250952)	81
(24249556, 24249746)	68
(24249556, 24250750)	70
(24249600, 24249746)	72
(24249600, 24250750)	64
(24249663, 24250175)	72
(24249663, 24250603)	65
(24249680, 24249746)	63
(24249680, 24250750)	62
(24249700, 24249746)	63
(24249700, 24250750)	53
(24249746, 24250952)	79
(24249799, 24250175)	54
(24249799, 24250603)	58
(24250175, 24250519)	81
(24250175, 24250555)	60
(24250175, 24250603)	88
(24250519, 24250555)	63
(24250519, 24250603)	63
(24250555, 24250603)	58
(24250750, 24250952)	74
(25226929, 25228145)	51
(25226929, 25257369)	54
(25226929, 25257553)	69
(25226929, 25257709)	53
(25226929, 25257777)	53
(25226929, 25263809)	57
(25226929, 25272649)	53
(25226929, 25272709)	54
(25226929, 25272881)	58
(25226929, 25272897)	58
(25226929, 25276809)	65
(25226929, 25276937)	60
(25226929, 25276997)	66
(25226929, 25277013)	66
(25226929, 25277037)	67
(25227032, 25228158)	53
(25227032, 25228214)	52
(25227032, 25251342)	55
(25227032, 25257526)	62
(25227032, 25257754)	56
(25227032, 25263786)	67
(25227032, 25272822)	53
(25227032, 25272938)	56
(25227243, 25228087)	80
(25227243, 25228203)	53
(25227243, 25228255)	54
(25227243, 25251223)	77
(25227243, 25251327)	61
(25227243, 25251379)	58
(25227243, 25252379)	77
(25227243, 25252431)	72
(25227243, 25257943)	59
(25227243, 25263707)	61
(25227243, 25263739)	67
(25227243, 25263775)	71
(25227243, 25276863)	62
(25227243, 25276911)	58
(25227243, 25277059)	69
(25228087, 25251223)	52
(25228087, 25252379)	96
(25228087, 25257943)	58
(25228096, 25251342)	56
(25228158, 25252428)	54
(25228158, 25263824)	51
(25228203, 25228255)	57
(25228203, 25257943)	55
(25228214, 25252428)	52
(25228214, 25263824)	55
(25228255, 25252431)	53
(25228255, 25257943)	55
(25251204, 25251342)	58
(25251204, 25257526)	54
(25251204, 25263786)	56
(25251204, 25272822)	55
(25251204, 25272938)	58
(25251223, 25251327)	54
(25251223, 25252379)	72
(25251223, 25252431)	55
(25251223, 25257943)	69
(25251223, 25263707)	55
(25251223, 25263739)	63
(25251223, 25276863)	54
(25251223, 25276911)	55
(25251223, 25277059)	60
(25251327, 25251379)	62
(25251327, 25252379)	54
(25251327, 25252431)	56
(25251327, 25257943)	58
(25251342, 25251996)	60
(25251342, 25252428)	62
(25251342, 25257628)	51
(25251342, 25257808)	56
(25251342, 25273132)	54
(25251342, 25277004)	53
(25251379, 25252431)	52
(25251379, 25257943)	63
(25251379, 25263775)	58
(25251576, 25257526)	51
(25251576, 25257754)	54
(25251921, 25276997)	58
(25251921, 25277013)	51
(25251921, 25277037)	56
(25251996, 25257526)	54
(25251996, 25257754)	62
(25252379, 25252431)	57
(25252379, 25257943)	57
(25252379, 25263707)	51
(25252379, 25263739)	57
(25252379, 25263775)	71
(25252379, 25276863)	54
(25252379, 25277059)	65
(25252428, 25257526)	69
(25252428, 25257754)	62
(25252428, 25263786)	70
(25252428, 25272822)	76
(25252428, 25272938)	70
(25252431, 25257943)	65
(25252431, 25263707)	53
(25252431, 25263739)	51
(25252431, 25263775)	58
(25252431, 25276911)	51
(25252431, 25277059)	54
(25257369, 25257553)	52
(25257369, 25263809)	52
(25257369, 25276809)	52
(25257369, 25276997)	52
(25257369, 25277013)	51
(25257444, 25257526)	53
(25257599, 25257943)	52
(25257709, 25257777)	55
(25257754, 25257808)	63
(25257754, 25263824)	52
(25257754, 25272956)	58
(25257777, 25276809)	51
(25257943, 25263707)	61
(25257943, 25263739)	65
(25257943, 25263775)	61
(25257943, 25276879)	52
(25257943, 25276911)	70
(25257943, 25277059)	60
(25263707, 25263739)	56
(25263786, 25272956)	53
(25263809, 25272709)	82
(25272649, 25276809)	54
(25272649, 25276997)	57
(25272649, 25277013)	59
(25272649, 25277037)	56
(25272709, 25272881)	55
(25272822, 25272956)	52
(25272881, 25272897)	57
(25272897, 25276809)	56
(25272938, 25272956)	56
(25276809, 25276937)	53
(25276809, 25276997)	68
(25276809, 25277013)	69
(25276809, 25277037)	69
(25276997, 25277013)	53
(25276997, 25277037)	55
(25277013, 25277037)	52
(25671155, 25707187)	71
(25694725, 25697417)	69
(25694725, 25703185)	62
(25697417, 25703185)	62
(25919056, 25922750)	67
(27050336, 27051078)	56
(27050732, 27051078)	60
(27173188, 27192754)	61
(28036717, 28058261)	70
(28036717, 28065509)	81
(28036717, 28077825)	72
(28058261, 28065509)	71
(28058261, 28077825)	67
(28065509, 28077825)	75
(29014733, 29094249)	89
(31944849, 37826537)	63
(34948804, 34974670)	62
(37051328, 37127342)	103
