(5489, 5494)	57
(9334, 9337)	58
(27358, 27365)	92
(29229, 28964146)	80
(34550, 24809741)	74
(48711, 31518964)	139
(250535, 322460)	61
(399482, 9124389)	80
(423081, 762398)	56
(725188, 7657291)	54
(725188, 20033131)	72
(725188, 23020723)	79
(725188, 23052647)	63
(725188, 23068647)	83
(725188, 23071755)	86
(725188, 23075479)	61
(996811, 23245812)	52
(1086163, 1092804)	51
(1502747, 1502748)	57
(1827222, 28070093)	73
(1842296, 26017843)	51
(1954012, 2178283)	92
(2003816, 3475667)	65
(2003816, 3829299)	88
(2003816, 3846727)	76
(2003816, 6390179)	54
(2003816, 16617843)	91
(2003816, 23158463)	101
(2003816, 24249663)	106
(2003816, 24249799)	70
(2003816, 24250175)	74
(2003816, 24250519)	68
(2003816, 24250555)	67
(2003816, 24250603)	116
(2310516, 5369675)	69
(2310516, 7176307)	53
(2310516, 16215351)	66
(2310516, 23394863)	70
(2313290, 7191829)	54
(2313290, 23392037)	63
(2313290, 23401789)	98
(2313290, 24460945)	83
(2728269, 2798274)	78
(2728269, 3683258)	72
(2728269, 4871898)	57
(2728269, 8812058)	92
(2728269, 11952778)	89
(2728269, 14725830)	70
(2728269, 16686754)	80
(2748327, 15551372)	106
(2771648, 9904275)	51
(2798274, 3567329)	59
(2798274, 3570569)	61
(2798274, 8779717)	75
(2798274, 16804773)	65
(2825257, 6542982)	71
(2974354, 5119937)	57
(2974354, 23482293)	63
(2974354, 23484229)	77
(3464449, 4481186)	53
(3464449, 17087662)	53
(3464449, 23112718)	57
(3464449, 24248994)	82
(3464449, 24249746)	58
(3475667, 23126996)	56
(3475667, 23136340)	57
(3475667, 24249556)	53
(3475667, 24249600)	56
(3475667, 24250952)	54
(3567329, 3683258)	63
(3567329, 4871898)	53
(3567329, 8812058)	61
(3567329, 11952778)	52
(3567329, 14725830)	74
(3567329, 16686754)	53
(3570569, 3683258)	63
(3570569, 4871898)	51
(3570569, 8812058)	59
(3570569, 11952778)	54
(3570569, 14725830)	67
(3683258, 8779717)	83
(3683258, 16804773)	67
(3723271, 6771748)	61
(3829299, 5784184)	61
(3829299, 6386968)	79
(3829299, 6872084)	66
(3829299, 23126996)	83
(3829299, 23136340)	66
(3829299, 23159708)	58
(3829299, 24248368)	53
(3829299, 24249024)	53
(3829299, 24249556)	79
(3829299, 24249600)	81
(3829299, 24249680)	76
(3829299, 24249700)	62
(3829299, 24250952)	71
(3846727, 6386968)	55
(3846727, 6872084)	57
(3846727, 23126996)	65
(3846727, 23136340)	78
(3846727, 24249556)	64
(3846727, 24249600)	66
(3846727, 24249680)	53
(3846727, 24250952)	70
(3923951, 15555748)	56
(3946850, 3947593)	53
(3951433, 3951586)	81
(3951505, 3951586)	90
(3951505, 3957342)	58
(4162109, 30446922)	95
(4481186, 9354469)	73
(4481186, 18074073)	70
(4481186, 23120781)	55
(4481186, 24249633)	72
(4504713, 5812450)	55
(4864471, 14994756)	52
(4871898, 8779717)	52
(4871898, 14254709)	69
(4871898, 16804773)	55
(4949410, 25226929)	76
(4949410, 25257369)	52
(4949410, 25257553)	62
(4949410, 25257709)	58
(4949410, 25257777)	55
(4949410, 25263809)	52
(4949410, 25272649)	60
(4949410, 25272709)	55
(4949410, 25272881)	54
(4949410, 25272897)	54
(4949410, 25276809)	66
(4949410, 25276997)	70
(4949410, 25277013)	71
(4949410, 25277037)	70
(4962368, 25228087)	53
(4962368, 25228255)	52
(4962368, 25251223)	51
(4962368, 25251327)	54
(4962368, 25263775)	52
(4962368, 25276911)	53
(4991653, 4997438)	55
(5001220, 25227243)	54
(5001220, 25228087)	60
(5001220, 25228203)	58
(5001220, 25228255)	58
(5001220, 25251223)	60
(5001220, 25251327)	51
(5001220, 25251379)	52
(5001220, 25252039)	53
(5001220, 25252379)	54
(5001220, 25252431)	57
(5001220, 25257943)	60
(5001220, 25263775)	62
(5001220, 25276911)	60
(5001220, 25277059)	56
(5016840, 25227243)	79
(5016840, 25228087)	97
(5016840, 25251223)	75
(5016840, 25251327)	56
(5016840, 25251379)	61
(5016840, 25252379)	97
(5016840, 25252431)	58
(5016840, 25257943)	53
(5016840, 25263739)	66
(5016840, 25263775)	63
(5016840, 25276863)	64
(5016840, 25276911)	51
(5016840, 25277059)	64
(5119937, 23504650)	55
(5279293, 6941578)	51
(5279293, 12484842)	56
(5369675, 6962196)	76
(5369675, 14438180)	76
(5369675, 16227056)	74
(5369675, 23389340)	84
(5399219, 17655796)	57
(5399219, 23245812)	55
(5399219, 23247492)	51
(5399219, 23356456)	59
(5498942, 10509369)	71
(5498942, 10567129)	54
(5703644, 21233771)	98
(5784184, 6390179)	62
(5784184, 16617843)	51
(5784184, 24250175)	64
(5784184, 24250519)	64
(5784184, 24250555)	61
(5784184, 24250603)	58
(5885229, 9119662)	57
(5911133, 9119662)	59
(6019406, 6020913)	77
(6037680, 8028879)	61
(6125892, 8028879)	55
(6125892, 23542603)	63
(6138104, 6138171)	53
(6139041, 6139066)	56
(6188213, 23136538)	62
(6248777, 10169046)	56
(6248777, 23112718)	52
(6248777, 23136538)	59
(6248777, 24248994)	51
(6248777, 24249746)	63
(6248777, 24250750)	62
(6386968, 16617843)	52
(6386968, 23158463)	71
(6386968, 24249663)	80
(6386968, 24249799)	64
(6386968, 24250175)	84
(6386968, 24250519)	77
(6386968, 24250555)	59
(6386968, 24250603)	87
(6390179, 6872084)	57
(6390179, 23136340)	52
(6390179, 23159708)	75
(6390179, 24248368)	64
(6390179, 24248924)	52
(6390179, 24249024)	52
(6390179, 24250000)	56
(6390179, 24250952)	51
(6542982, 7084989)	77
(6872084, 17177139)	57
(6872084, 23158463)	62
(6872084, 24249663)	63
(6872084, 24249799)	52
(6872084, 24250175)	73
(6872084, 24250519)	68
(6872084, 24250555)	55
(6872084, 24250603)	73
(6941578, 7191829)	66
(6941578, 23392037)	58
(6941578, 23401789)	71
(6941578, 24460945)	70
(6941892, 7176307)	53
(6941892, 14183935)	67
(6941892, 16215351)	72
(6962196, 16215351)	61
(6962196, 23394863)	55
(7030024, 7034027)	64
(7191829, 12484842)	75
(7191829, 12649182)	55
(7191829, 14078934)	62
(7191829, 16277874)	62
(7191829, 23448234)	64
(7521075, 22483744)	56
(7543291, 22483744)	66
(7631860, 20033131)	68
(7631860, 23020723)	81
(7631860, 23052647)	65
(7631860, 23068647)	74
(7631860, 23071755)	60
(7631860, 23075479)	61
(7657291, 7901312)	52
(7657291, 8518452)	61
(7657291, 10399380)	58
(7657291, 23090816)	54
(7763066, 34967853)	55
(7901312, 20033131)	63
(7901312, 23020723)	77
(7901312, 23052647)	65
(7901312, 23068647)	73
(7901312, 23071755)	57
(7901312, 23075479)	67
(7907650, 10398449)	68
(7907650, 19344413)	53
(7907650, 20084005)	88
(7907650, 23048749)	78
(8028879, 23485588)	58
(8028879, 23530412)	66
(8108395, 8108452)	81
(8210695, 17655796)	55
(8210695, 19528540)	72
(8210695, 23245812)	55
(8210695, 23247492)	56
(8340338, 10506513)	72
(8340338, 10509369)	74
(8340338, 10567129)	90
(8340338, 21628493)	72
(8518452, 20033131)	82
(8518452, 23020723)	74
(8518452, 23052647)	65
(8518452, 23067247)	51
(8518452, 23068647)	80
(8518452, 23071755)	80
(8518452, 23075479)	55
(8746080, 13619407)	54
(8746080, 15223575)	52
(8746080, 15252263)	53
(8779717, 8812058)	80
(8779717, 11952778)	76
(8779717, 14725830)	55
(8779717, 16686754)	71
(8812058, 14254709)	66
(8812058, 16804773)	68
(9119662, 11153273)	76
(9119662, 11173693)	72
(9119662, 11209725)	77
(9119662, 13077805)	53
(9124389, 9138082)	69
(9319301, 23112718)	61
(9319301, 23136538)	53
(9319301, 24249746)	56
(9319301, 24250750)	54
(9354469, 10169046)	62
(9354469, 17087662)	71
(9354469, 23112718)	72
(9354469, 23136538)	63
(9354469, 24248994)	94
(9354469, 24249746)	89
(9354469, 24250750)	70
(9717524, 23542603)	59
(9772036, 9904275)	63
(9904275, 14994756)	51
(9941558, 20084005)	56
(9941558, 23048749)	62
(10169046, 16618433)	54
(10169046, 18039913)	57
(10169046, 18074073)	55
(10169046, 23120781)	62
(10169046, 23124485)	65
(10347343, 10929476)	51
(10347343, 10929644)	51
(10371050, 10398449)	56
(10398449, 21399950)	54
(10398449, 23046250)	52
(10398449, 23054058)	62
(10398449, 23097030)	51
(10399380, 20033131)	53
(10399380, 23052647)	62
(10399380, 23068647)	64
(10399380, 23071755)	53
(10399380, 23075479)	54
(10506513, 14593350)	56
(10509369, 13443650)	55
(10509369, 14593350)	62
(10509369, 17655910)	57
(10544043, 17655796)	74
(10544043, 19528540)	70
(10544043, 23245812)	76
(10544043, 23247492)	61
(10544043, 23356456)	61
(10567129, 13443650)	58
(10567129, 14593350)	57
(10567129, 17655910)	68
(10701462, 10908229)	69
(10701462, 10909853)	58
(10701462, 10910757)	58
(10701462, 10910945)	80
(10701462, 10911465)	73
(10701462, 10911801)	80
(10701462, 10912057)	75
(10701462, 10919493)	75
(10701462, 10919637)	91
(10701462, 10919757)	92
(10701462, 10919809)	92
(10701462, 10920341)	93
(10701462, 10920785)	76
(10701462, 10921085)	85
(10701462, 10921473)	95
(10701462, 10928525)	108
(10701462, 10928545)	105
(10701462, 10928597)	121
(10701462, 10928629)	60
(10701462, 10928705)	129
(10701462, 10929273)	127
(10701462, 10929517)	60
(10701462, 10929541)	64
(10701462, 10929713)	130
(10701462, 10929925)	134
(10701462, 10929949)	62
(10701462, 10930145)	63
(10701462, 10930941)	96
(10701462, 10931449)	106
(10701462, 10931965)	99
(10804519, 10850652)	79
(10804519, 10907840)	87
(10804519, 10907860)	83
(10804519, 10907928)	85
(10804519, 10907996)	91
(10804519, 10908144)	88
(10804519, 10908260)	92
(10804519, 10908652)	71
(10804519, 10910076)	83
(10804519, 10910144)	76
(10804519, 10910204)	79
(10804519, 10912144)	62
(10804519, 10919432)	57
(10804519, 10919548)	57
(10804519, 10920544)	57
(10804519, 10920880)	56
(10804519, 10928516)	74
(10804519, 10928532)	68
(10804519, 10928584)	70
(10804519, 10928744)	67
(10804519, 10928852)	61
(10804519, 10929396)	68
(10804519, 10929476)	70
(10804519, 10929604)	61
(10804519, 10929644)	70
(10804519, 10929900)	63
(10804519, 10930292)	56
(10804519, 10930800)	54
(10804519, 10930960)	53
(10804519, 10931052)	61
(10804519, 10931104)	61
(10804519, 10931304)	69
(10804519, 10931480)	62
(10850652, 10908695)	64
(10850652, 10909247)	57
(10850652, 10910319)	108
(10850652, 10910559)	93
(10850652, 10910795)	103
(10850652, 10910907)	61
(10850652, 10911739)	52
(10850652, 10911923)	54
(10850652, 10911951)	52
(10850652, 10919683)	51
(10850652, 10920299)	56
(10850652, 10920479)	53
(10850652, 10920599)	55
(10850652, 10920663)	58
(10850652, 10920715)	61
(10850652, 10928771)	63
(10850652, 10929823)	61
(10850652, 10929843)	64
(10850652, 10929871)	61
(10850652, 10930031)	64
(10850652, 10930111)	64
(10850652, 10930255)	57
(10850652, 10931811)	62
(10850652, 10931855)	53
(10907840, 10910319)	75
(10907840, 10910559)	57
(10907840, 10910795)	63
(10907840, 10920663)	56
(10907840, 10920715)	59
(10907840, 10931811)	66
(10907840, 10931855)	53
(10907860, 10910319)	72
(10907860, 10910795)	64
(10907860, 10931811)	60
(10907878, 10908229)	52
(10907878, 10909853)	103
(10907878, 10911465)	51
(10907878, 10919757)	53
(10907878, 10919809)	58
(10907878, 10921085)	60
(10907878, 10921473)	58
(10907878, 10929273)	55
(10907878, 10931449)	55
(10907878, 10931965)	61
(10907890, 10908229)	57
(10907890, 10909853)	105
(10907890, 10919637)	51
(10907890, 10919757)	57
(10907890, 10919809)	55
(10907890, 10921085)	61
(10907890, 10921473)	58
(10907890, 10929273)	53
(10907890, 10931449)	53
(10907890, 10931965)	59
(10907928, 10910319)	70
(10907928, 10910559)	54
(10907928, 10910795)	59
(10907928, 10920715)	56
(10907928, 10931811)	56
(10907962, 10909853)	59
(10907962, 10919757)	51
(10907996, 10910319)	63
(10907996, 10920299)	53
(10907996, 10920663)	53
(10907996, 10920715)	54
(10907996, 10931811)	63
(10907996, 10931855)	52
(10908085, 10908202)	54
(10908085, 10908794)	51
(10908085, 10910122)	51
(10908144, 10910319)	64
(10908144, 10920299)	51
(10908144, 10920715)	52
(10908144, 10931811)	61
(10908202, 10908229)	78
(10908202, 10909853)	82
(10908202, 10910757)	53
(10908202, 10919637)	51
(10908202, 10919757)	61
(10908202, 10919809)	62
(10908202, 10920341)	52
(10908202, 10921085)	61
(10908202, 10921473)	61
(10908202, 10928545)	51
(10908202, 10929273)	60
(10908202, 10931449)	52
(10908202, 10931965)	64
(10908229, 10908794)	64
(10908229, 10910062)	59
(10908229, 10910122)	59
(10908229, 10910442)	62
(10908229, 10910526)	52
(10908229, 10910650)	52
(10908229, 10911490)	54
(10908229, 10919406)	53
(10908229, 10920174)	60
(10908229, 10929314)	55
(10908229, 10930174)	53
(10908260, 10910319)	63
(10908260, 10910559)	54
(10908260, 10910795)	57
(10908260, 10920299)	53
(10908260, 10920715)	55
(10908260, 10928771)	52
(10908260, 10929823)	52
(10908260, 10929843)	52
(10908260, 10931811)	65
(10908652, 10908695)	55
(10908652, 10909247)	51
(10908652, 10910319)	52
(10908665, 10910442)	52
(10908794, 10909853)	64
(10908794, 10910757)	62
(10908794, 10910865)	61
(10908794, 10910945)	110
(10908794, 10911465)	95
(10908794, 10911801)	104
(10908794, 10912057)	92
(10908794, 10919365)	52
(10908794, 10919493)	75
(10908794, 10919637)	103
(10908794, 10919757)	92
(10908794, 10919809)	92
(10908794, 10920341)	76
(10908794, 10920785)	96
(10908794, 10921085)	96
(10908794, 10921473)	90
(10908794, 10928525)	86
(10908794, 10928545)	89
(10908794, 10928597)	74
(10908794, 10928705)	78
(10908794, 10929273)	82
(10908794, 10929713)	78
(10908794, 10929925)	71
(10908794, 10930941)	72
(10908794, 10931449)	80
(10908794, 10931965)	74
(10908823, 10911772)	62
(10908823, 10920928)	53
(10908823, 10921212)	51
(10909210, 10909853)	68
(10909234, 10909853)	61
(10909234, 10931965)	52
(10909322, 10909853)	67
(10909853, 10910062)	115
(10909853, 10910122)	104
(10909853, 10910442)	107
(10909853, 10910526)	98
(10909853, 10910650)	86
(10909853, 10911490)	52
(10909853, 10912098)	52
(10909853, 10919406)	55
(10909853, 10920174)	52
(10909853, 10929314)	59
(10909853, 10929498)	58
(10909853, 10929746)	67
(10909853, 10929774)	61
(10909853, 10929802)	65
(10909853, 10930174)	61
(10909853, 10930218)	55
(10909853, 10930434)	54
(10909853, 10931070)	60
(10909853, 10931406)	58
(10910062, 10910757)	54
(10910062, 10919757)	53
(10910062, 10919809)	55
(10910062, 10921085)	65
(10910062, 10921473)	56
(10910062, 10929273)	58
(10910062, 10931965)	57
(10910076, 10910319)	79
(10910076, 10910559)	56
(10910076, 10910795)	62
(10910076, 10931811)	60
(10910122, 10910757)	51
(10910122, 10919757)	54
(10910122, 10919809)	59
(10910122, 10921085)	58
(10910122, 10921473)	53
(10910122, 10928545)	52
(10910122, 10929273)	54
(10910122, 10929713)	52
(10910122, 10931965)	61
(10910144, 10910319)	75
(10910144, 10910559)	60
(10910144, 10910795)	59
(10910144, 10931811)	57
(10910204, 10910319)	72
(10910204, 10910559)	69
(10910204, 10910795)	63
(10910204, 10930031)	52
(10910204, 10931811)	54
(10910319, 10912144)	51
(10910319, 10928516)	61
(10910319, 10928532)	56
(10910319, 10928584)	56
(10910319, 10928744)	56
(10910319, 10929396)	54
(10910319, 10929476)	55
(10910319, 10929644)	59
(10910319, 10929900)	55
(10910319, 10931304)	55
(10910319, 10931480)	53
(10910442, 10910757)	64
(10910442, 10919757)	56
(10910442, 10919809)	58
(10910442, 10921085)	59
(10910442, 10921473)	57
(10910442, 10929713)	51
(10910442, 10930941)	54
(10910442, 10931449)	53
(10910442, 10931965)	60
(10910526, 10910757)	55
(10910526, 10921473)	52
(10910650, 10910757)	52
(10910650, 10919809)	54
(10910650, 10921085)	57
(10910650, 10929273)	51
(10910650, 10931965)	53
(10910757, 10920174)	56
(10910795, 10931304)	52
(10910907, 10912144)	64
(10910907, 10919432)	64
(10910907, 10919548)	54
(10910907, 10920880)	61
(10910907, 10928516)	57
(10910907, 10928584)	54
(10910907, 10929476)	62
(10910907, 10929644)	52
(10910907, 10930960)	54
(10910907, 10931052)	53
(10910907, 10931304)	58
(10910907, 10931480)	53
(10910945, 10911054)	51
(10910945, 10911210)	82
(10910945, 10911490)	67
(10910945, 10911530)	65
(10910945, 10912098)	62
(10910945, 10919406)	68
(10910945, 10920174)	74
(10910945, 10929314)	61
(10910945, 10929746)	54
(10910945, 10930434)	52
(10910945, 10931406)	54
(10911054, 10919757)	51
(10911054, 10919809)	52
(10911054, 10921085)	57
(10911054, 10921473)	61
(10911054, 10931449)	54
(10911054, 10931965)	54
(10911114, 10921085)	55
(10911210, 10911465)	71
(10911210, 10911801)	86
(10911210, 10912057)	69
(10911210, 10919493)	60
(10911210, 10919637)	77
(10911210, 10919757)	67
(10911210, 10919809)	67
(10911210, 10920341)	63
(10911210, 10920785)	78
(10911210, 10921085)	70
(10911210, 10921473)	76
(10911210, 10928525)	73
(10911210, 10928545)	70
(10911210, 10928597)	63
(10911210, 10928705)	64
(10911210, 10929273)	65
(10911210, 10929713)	64
(10911210, 10929925)	63
(10911210, 10930941)	59
(10911210, 10931449)	66
(10911210, 10931965)	63
(10911429, 10911602)	67
(10911429, 10911710)	62
(10911429, 10912186)	63
(10911429, 10921414)	52
(10911429, 10921530)	54
(10911429, 10931010)	51
(10911465, 10911490)	87
(10911465, 10911530)	82
(10911465, 10912098)	71
(10911465, 10919406)	66
(10911465, 10920174)	72
(10911465, 10929314)	60
(10911465, 10929746)	57
(10911465, 10929774)	62
(10911465, 10930174)	51
(10911465, 10931070)	63
(10911465, 10931406)	58
(10911490, 10911801)	68
(10911490, 10912057)	60
(10911490, 10919493)	54
(10911490, 10919637)	73
(10911490, 10919757)	65
(10911490, 10919809)	66
(10911490, 10920341)	54
(10911490, 10920785)	69
(10911490, 10921085)	79
(10911490, 10921473)	81
(10911490, 10928525)	60
(10911490, 10928545)	67
(10911490, 10928597)	56
(10911490, 10929273)	60
(10911490, 10929713)	60
(10911490, 10929925)	57
(10911490, 10930941)	51
(10911490, 10931449)	59
(10911490, 10931965)	65
(10911530, 10911801)	64
(10911530, 10912057)	60
(10911530, 10919493)	54
(10911530, 10919637)	67
(10911530, 10919757)	65
(10911530, 10919809)	58
(10911530, 10920341)	56
(10911530, 10920785)	67
(10911530, 10921085)	84
(10911530, 10921473)	81
(10911530, 10928525)	56
(10911530, 10928545)	55
(10911530, 10928597)	51
(10911530, 10928705)	51
(10911530, 10929273)	67
(10911530, 10929713)	55
(10911530, 10929925)	54
(10911530, 10930941)	51
(10911530, 10931449)	63
(10911530, 10931965)	61
(10911739, 10912144)	76
(10911739, 10919432)	65
(10911739, 10919548)	52
(10911739, 10920544)	57
(10911739, 10920880)	80
(10911739, 10928516)	57
(10911739, 10928744)	51
(10911739, 10929396)	52
(10911739, 10930960)	54
(10911739, 10931052)	61
(10911739, 10931304)	64
(10911739, 10931480)	59
(10911772, 10911895)	67
(10911801, 10912098)	71
(10911801, 10919406)	68
(10911801, 10920174)	81
(10911801, 10929314)	62
(10911801, 10929774)	51
(10911801, 10930434)	57
(10911801, 10931070)	56
(10911801, 10931406)	59
(10911847, 10912144)	73
(10911847, 10919432)	65
(10911847, 10919548)	54
(10911847, 10920544)	58
(10911847, 10920880)	72
(10911847, 10928744)	54
(10911847, 10929396)	55
(10911847, 10929476)	51
(10911847, 10930960)	57
(10911847, 10931052)	54
(10911847, 10931104)	51
(10911847, 10931304)	56
(10911847, 10931480)	53
(10911895, 10920928)	75
(10911895, 10921212)	55
(10911923, 10912144)	80
(10911923, 10919432)	65
(10911923, 10919548)	61
(10911923, 10920880)	79
(10911923, 10928516)	58
(10911923, 10929396)	60
(10911923, 10931052)	54
(10911923, 10931104)	51
(10911923, 10931304)	64
(10911923, 10931480)	59
(10911951, 10912144)	77
(10911951, 10919432)	67
(10911951, 10919548)	62
(10911951, 10920880)	75
(10911951, 10928516)	58
(10911951, 10929396)	52
(10911951, 10931052)	51
(10911951, 10931104)	52
(10911951, 10931304)	62
(10911951, 10931480)	56
(10912057, 10912098)	65
(10912057, 10919406)	63
(10912057, 10920174)	72
(10912057, 10929314)	63
(10912057, 10930174)	52
(10912057, 10930434)	56
(10912057, 10931406)	53
(10912098, 10919637)	73
(10912098, 10919757)	60
(10912098, 10919809)	66
(10912098, 10920341)	57
(10912098, 10920785)	67
(10912098, 10921085)	83
(10912098, 10921473)	85
(10912098, 10928525)	56
(10912098, 10928545)	53
(10912098, 10929273)	65
(10912098, 10930941)	51
(10912098, 10931449)	66
(10912098, 10931965)	64
(10912144, 10919683)	71
(10912144, 10920299)	55
(10912144, 10920479)	56
(10912144, 10920599)	68
(10912144, 10920663)	70
(10912144, 10920715)	75
(10912144, 10928771)	62
(10912144, 10929823)	58
(10912144, 10929843)	63
(10912144, 10929871)	60
(10912144, 10930031)	65
(10912144, 10930111)	65
(10912144, 10930255)	61
(10912144, 10931811)	64
(10912144, 10931855)	55
(10912186, 10921249)	52
(10912186, 10921297)	56
(10919406, 10919493)	69
(10919406, 10919637)	70
(10919406, 10919757)	75
(10919406, 10919809)	69
(10919406, 10920341)	61
(10919406, 10920785)	65
(10919406, 10921085)	84
(10919406, 10921473)	89
(10919406, 10928525)	61
(10919406, 10928545)	70
(10919406, 10928597)	61
(10919406, 10928705)	59
(10919406, 10929273)	67
(10919406, 10929713)	58
(10919406, 10929925)	65
(10919406, 10930941)	65
(10919406, 10931449)	70
(10919406, 10931965)	73
(10919432, 10919683)	71
(10919432, 10920299)	61
(10919432, 10920479)	55
(10919432, 10920599)	58
(10919432, 10920663)	62
(10919432, 10920715)	58
(10919432, 10928771)	61
(10919432, 10929823)	55
(10919432, 10929843)	61
(10919432, 10929871)	58
(10919432, 10930031)	56
(10919432, 10930111)	56
(10919432, 10931679)	51
(10919432, 10931811)	66
(10919432, 10931855)	53
(10919493, 10920174)	68
(10919493, 10929314)	60
(10919493, 10929746)	51
(10919493, 10929774)	52
(10919493, 10930434)	53
(10919548, 10919683)	71
(10919548, 10920299)	59
(10919548, 10920479)	52
(10919548, 10920599)	59
(10919548, 10920663)	65
(10919548, 10920715)	57
(10919548, 10928771)	59
(10919548, 10929823)	52
(10919548, 10929871)	54
(10919548, 10930031)	52
(10919548, 10930111)	53
(10919548, 10931811)	66
(10919548, 10931855)	54
(10919637, 10920174)	89
(10919637, 10929314)	69
(10919637, 10929498)	58
(10919637, 10929746)	61
(10919637, 10929774)	68
(10919637, 10929802)	59
(10919637, 10930174)	55
(10919637, 10930218)	54
(10919637, 10930434)	59
(10919637, 10931070)	59
(10919637, 10931406)	60
(10919683, 10920544)	61
(10919683, 10920880)	70
(10919683, 10928516)	62
(10919683, 10928532)	67
(10919683, 10928584)	53
(10919683, 10928744)	56
(10919683, 10928852)	59
(10919683, 10929396)	53
(10919683, 10929476)	53
(10919683, 10929604)	55
(10919683, 10929644)	56
(10919683, 10930960)	63
(10919683, 10931052)	64
(10919683, 10931104)	57
(10919683, 10931304)	57
(10919683, 10931480)	65
(10919757, 10920174)	89
(10919757, 10929314)	69
(10919757, 10929498)	65
(10919757, 10929746)	67
(10919757, 10929774)	60
(10919757, 10929802)	73
(10919757, 10930174)	78
(10919757, 10930218)	68
(10919757, 10930434)	64
(10919757, 10931070)	60
(10919757, 10931406)	58
(10919809, 10920174)	92
(10919809, 10929314)	71
(10919809, 10929498)	73
(10919809, 10929746)	73
(10919809, 10929774)	79
(10919809, 10929802)	76
(10919809, 10930174)	75
(10919809, 10930218)	77
(10919809, 10930434)	76
(10919809, 10931070)	66
(10919809, 10931406)	66
(10920174, 10920341)	93
(10920174, 10920785)	73
(10920174, 10921085)	74
(10920174, 10921473)	88
(10920174, 10928525)	79
(10920174, 10928545)	79
(10920174, 10928597)	80
(10920174, 10928705)	80
(10920174, 10929273)	89
(10920174, 10929713)	85
(10920174, 10929925)	78
(10920174, 10930941)	71
(10920174, 10931449)	80
(10920174, 10931965)	75
(10920299, 10920544)	58
(10920299, 10920880)	59
(10920299, 10928516)	64
(10920299, 10928532)	64
(10920299, 10928584)	66
(10920299, 10928744)	61
(10920299, 10928852)	60
(10920299, 10929396)	65
(10920299, 10929476)	58
(10920299, 10929604)	57
(10920299, 10929644)	67
(10920299, 10929900)	61
(10920299, 10930292)	62
(10920299, 10930800)	53
(10920299, 10930960)	53
(10920299, 10931052)	57
(10920299, 10931104)	56
(10920299, 10931304)	71
(10920299, 10931480)	67
(10920341, 10929314)	64
(10920341, 10929498)	58
(10920341, 10929746)	64
(10920341, 10929774)	63
(10920341, 10929802)	60
(10920341, 10930174)	59
(10920341, 10930218)	57
(10920341, 10930434)	62
(10920341, 10931070)	63
(10920341, 10931406)	60
(10920479, 10920544)	63
(10920479, 10920880)	58
(10920479, 10928852)	58
(10920479, 10929476)	55
(10920479, 10929644)	56
(10920479, 10931304)	59
(10920479, 10931480)	60
(10920544, 10920599)	75
(10920544, 10920663)	69
(10920544, 10920715)	53
(10920544, 10929843)	54
(10920544, 10930031)	53
(10920544, 10931679)	51
(10920544, 10931811)	68
(10920544, 10931855)	58
(10920599, 10920880)	62
(10920599, 10928516)	54
(10920599, 10928532)	61
(10920599, 10928584)	52
(10920599, 10928744)	53
(10920599, 10928852)	53
(10920599, 10929396)	56
(10920599, 10929604)	56
(10920599, 10929644)	61
(10920599, 10930292)	51
(10920599, 10930800)	54
(10920599, 10930960)	54
(10920599, 10931052)	51
(10920599, 10931104)	52
(10920599, 10931304)	55
(10920599, 10931480)	58
(10920663, 10920880)	75
(10920663, 10928516)	60
(10920663, 10928532)	62
(10920663, 10928584)	58
(10920663, 10928744)	61
(10920663, 10928852)	56
(10920663, 10929396)	58
(10920663, 10929476)	58
(10920663, 10929604)	59
(10920663, 10929644)	56
(10920663, 10929900)	53
(10920663, 10930292)	59
(10920663, 10930960)	59
(10920663, 10931052)	54
(10920663, 10931104)	52
(10920663, 10931304)	63
(10920663, 10931480)	60
(10920715, 10920880)	71
(10920715, 10928516)	68
(10920715, 10928532)	64
(10920715, 10928584)	68
(10920715, 10928744)	57
(10920715, 10928852)	54
(10920715, 10929396)	66
(10920715, 10929476)	56
(10920715, 10929604)	52
(10920715, 10929644)	58
(10920715, 10929900)	61
(10920715, 10930292)	60
(10920715, 10930960)	59
(10920715, 10931052)	60
(10920715, 10931104)	64
(10920715, 10931304)	75
(10920715, 10931480)	65
(10920785, 10929314)	63
(10920785, 10930218)	53
(10920785, 10931406)	55
(10920880, 10928771)	59
(10920880, 10929823)	56
(10920880, 10929843)	56
(10920880, 10929871)	54
(10920880, 10930031)	62
(10920880, 10930111)	62
(10920880, 10930255)	53
(10920880, 10931679)	51
(10920880, 10931811)	60
(10920880, 10931855)	52
(10921085, 10929314)	78
(10921085, 10929498)	72
(10921085, 10929746)	79
(10921085, 10929774)	82
(10921085, 10929802)	74
(10921085, 10930174)	77
(10921085, 10930218)	67
(10921085, 10930434)	75
(10921085, 10931070)	81
(10921085, 10931406)	76
(10921249, 10921414)	69
(10921249, 10921530)	53
(10921297, 10921414)	72
(10921297, 10921530)	57
(10921473, 10929314)	82
(10921473, 10929498)	87
(10921473, 10929746)	89
(10921473, 10929774)	89
(10921473, 10929802)	92
(10921473, 10930174)	89
(10921473, 10930218)	85
(10921473, 10930434)	84
(10921473, 10931070)	81
(10921473, 10931406)	82
(10928516, 10928771)	56
(10928516, 10929823)	51
(10928516, 10929843)	51
(10928516, 10929871)	59
(10928516, 10930031)	52
(10928516, 10930111)	54
(10928516, 10930811)	51
(10928516, 10931679)	59
(10928516, 10931811)	88
(10928516, 10931855)	76
(10928525, 10929314)	66
(10928525, 10930434)	69
(10928525, 10931406)	81
(10928532, 10928771)	56
(10928532, 10931679)	56
(10928532, 10931811)	77
(10928532, 10931855)	64
(10928545, 10929314)	71
(10928545, 10930434)	65
(10928545, 10931070)	54
(10928545, 10931406)	69
(10928584, 10928771)	69
(10928584, 10929823)	56
(10928584, 10929843)	53
(10928584, 10929871)	62
(10928584, 10930031)	55
(10928584, 10930111)	52
(10928584, 10930255)	52
(10928584, 10930811)	53
(10928584, 10931679)	61
(10928584, 10931811)	71
(10928584, 10931855)	65
(10928597, 10929314)	81
(10928597, 10929498)	53
(10928597, 10929746)	55
(10928597, 10929774)	54
(10928597, 10930174)	54
(10928597, 10930218)	58
(10928597, 10930434)	66
(10928597, 10931406)	63
(10928629, 10928818)	53
(10928629, 10929314)	51
(10928688, 10931811)	53
(10928705, 10929314)	84
(10928705, 10929498)	56
(10928705, 10930174)	55
(10928705, 10930434)	74
(10928705, 10931406)	68
(10928744, 10928771)	85
(10928744, 10929843)	56
(10928744, 10930031)	55
(10928744, 10930255)	59
(10928744, 10930811)	52
(10928744, 10931679)	60
(10928744, 10931811)	76
(10928744, 10931855)	67
(10928771, 10928852)	67
(10928771, 10929396)	69
(10928771, 10929476)	67
(10928771, 10929604)	56
(10928771, 10929644)	77
(10928771, 10929900)	55
(10928771, 10930292)	61
(10928771, 10930500)	52
(10928771, 10930800)	53
(10928771, 10930960)	55
(10928771, 10931052)	53
(10928771, 10931104)	56
(10928771, 10931304)	69
(10928771, 10931480)	68
(10928818, 10929273)	59
(10928818, 10929541)	64
(10928818, 10929949)	53
(10928852, 10929823)	67
(10928852, 10929843)	67
(10928852, 10929871)	54
(10928852, 10930031)	66
(10928852, 10930111)	63
(10928852, 10930255)	62
(10928852, 10931679)	58
(10928852, 10931811)	73
(10928852, 10931855)	63
(10929273, 10929314)	119
(10929273, 10929498)	79
(10929273, 10929678)	55
(10929273, 10929746)	80
(10929273, 10929774)	80
(10929273, 10929802)	79
(10929273, 10930174)	86
(10929273, 10930218)	74
(10929273, 10930434)	78
(10929273, 10931070)	65
(10929273, 10931406)	72
(10929314, 10929541)	54
(10929314, 10929713)	80
(10929314, 10929925)	74
(10929314, 10930941)	68
(10929314, 10931449)	66
(10929314, 10931965)	80
(10929396, 10929823)	68
(10929396, 10929843)	60
(10929396, 10929871)	63
(10929396, 10930031)	57
(10929396, 10930111)	60
(10929396, 10930255)	62
(10929396, 10931679)	56
(10929396, 10931811)	78
(10929396, 10931855)	67
(10929476, 10929823)	51
(10929476, 10929843)	51
(10929476, 10929871)	52
(10929476, 10930111)	57
(10929476, 10930255)	63
(10929476, 10930811)	55
(10929476, 10931679)	60
(10929476, 10931811)	81
(10929476, 10931855)	67
(10929498, 10929925)	53
(10929498, 10930941)	57
(10929498, 10931449)	69
(10929498, 10931965)	83
(10929541, 10929678)	53
(10929604, 10930111)	54
(10929604, 10930255)	61
(10929604, 10931679)	60
(10929604, 10931811)	78
(10929604, 10931855)	62
(10929644, 10930111)	53
(10929644, 10930255)	58
(10929644, 10930811)	53
(10929644, 10931679)	57
(10929644, 10931811)	78
(10929644, 10931855)	72
(10929713, 10930174)	54
(10929713, 10930218)	51
(10929713, 10930434)	74
(10929713, 10931406)	67
(10929746, 10931449)	76
(10929746, 10931965)	84
(10929774, 10930941)	59
(10929774, 10931449)	75
(10929774, 10931965)	77
(10929802, 10930941)	56
(10929802, 10931449)	82
(10929802, 10931965)	85
(10929802, 10940389)	51
(10929823, 10930800)	53
(10929823, 10930960)	55
(10929823, 10931104)	54
(10929823, 10931304)	68
(10929823, 10931480)	64
(10929843, 10930800)	54
(10929843, 10931052)	52
(10929843, 10931104)	53
(10929843, 10931304)	75
(10929843, 10931480)	73
(10929871, 10930800)	56
(10929871, 10930960)	54
(10929871, 10931052)	52
(10929871, 10931104)	56
(10929871, 10931304)	71
(10929871, 10931480)	66
(10929900, 10930811)	52
(10929900, 10931679)	57
(10929900, 10931811)	83
(10929900, 10931855)	61
(10929925, 10930174)	56
(10929925, 10930434)	83
(10929925, 10931406)	65
(10930031, 10930800)	59
(10930031, 10930960)	51
(10930031, 10931104)	57
(10930031, 10931304)	73
(10930031, 10931480)	63
(10930111, 10930800)	59
(10930111, 10931052)	52
(10930111, 10931104)	56
(10930111, 10931304)	72
(10930111, 10931480)	64
(10930174, 10930941)	60
(10930174, 10931449)	70
(10930174, 10931965)	84
(10930218, 10930941)	57
(10930218, 10931449)	74
(10930218, 10931965)	88
(10930255, 10930292)	61
(10930255, 10930800)	53
(10930255, 10930960)	64
(10930255, 10931304)	68
(10930255, 10931480)	68
(10930292, 10930811)	55
(10930292, 10931679)	52
(10930292, 10931811)	74
(10930292, 10931855)	64
(10930434, 10930941)	58
(10930434, 10931449)	70
(10930434, 10931965)	84
(10930500, 10931811)	60
(10930500, 10931855)	51
(10930800, 10930811)	62
(10930800, 10931811)	67
(10930800, 10931855)	54
(10930811, 10931304)	55
(10930811, 10931480)	58
(10930941, 10931070)	53
(10930941, 10931406)	77
(10930960, 10931679)	57
(10930960, 10931811)	76
(10930960, 10931855)	70
(10931052, 10931679)	51
(10931052, 10931811)	69
(10931052, 10931855)	54
(10931070, 10931449)	68
(10931070, 10931965)	77
(10931104, 10931187)	51
(10931104, 10931811)	70
(10931104, 10931855)	65
(10931187, 10931480)	52
(10931304, 10931679)	75
(10931304, 10931811)	91
(10931304, 10931855)	72
(10931406, 10931449)	109
(10931406, 10931965)	78
(10931480, 10931679)	68
(10931480, 10931811)	86
(10931480, 10931855)	79
(10985049, 10993078)	83
(10985049, 14285918)	63
(11142715, 11159548)	85
(11142715, 13134464)	83
(11159548, 13619407)	80
(11159548, 15223575)	68
(11159548, 15252263)	52
(11173693, 11174246)	61
(11174246, 11209725)	64
(11174246, 13077805)	65
(11358760, 20033131)	71
(11358760, 23020723)	88
(11358760, 23052647)	55
(11358760, 23068647)	86
(11358760, 23071755)	57
(11952778, 16804773)	67
(12484842, 23392037)	71
(12484842, 23392205)	65
(12484842, 23401789)	56
(12649182, 23392037)	59
(12649182, 23401789)	59
(13134464, 13619407)	86
(13134464, 15223575)	68
(13134464, 15252263)	54
(13214533, 23112718)	51
(13214533, 23136538)	66
(13214533, 24249746)	55
(14078934, 23392037)	70
(14254709, 14254978)	64
(14254709, 14725830)	51
(14254709, 16789398)	61
(14438180, 16215351)	70
(14438180, 23394863)	81
(14593350, 21628493)	61
(14725830, 16804773)	73
(14941202, 31256877)	74
(16215351, 16227056)	63
(16215351, 23389340)	66
(16227056, 23394863)	61
(16277874, 23381721)	61
(16277874, 23392037)	63
(16277874, 23401789)	79
(16277874, 24460945)	63
(16617843, 23126996)	53
(16617843, 23136340)	63
(16617843, 23159708)	61
(16617843, 24248368)	69
(16617843, 24249024)	77
(16617843, 24249556)	52
(16617843, 24249600)	55
(16617843, 24250952)	58
(16618433, 23136538)	53
(16618433, 24250750)	51
(16686754, 16804773)	56
(16789398, 16804773)	55
(17087662, 18074073)	73
(17087662, 23120781)	58
(17087662, 23124485)	54
(17087662, 24249633)	77
(17177139, 23159708)	56
(17177139, 24250000)	60
(17442148, 29357927)	63
(17655796, 17934051)	64
(17655796, 21696535)	78
(17655796, 23238467)	67
(17655910, 21628493)	52
(17934051, 19528540)	84
(17934051, 23245812)	68
(17934051, 23247492)	73
(17934051, 23356456)	53
(18039913, 23136538)	57
(18039913, 24249746)	54
(18039913, 24250750)	60
(18074073, 23112718)	65
(18074073, 24248994)	78
(18074073, 24249746)	89
(18074073, 24250750)	59
(19344413, 23019442)	55
(19344413, 23054058)	55
(19528540, 21696535)	63
(19528540, 23238467)	93
(19528540, 23285559)	62
(20033131, 23065612)	65
(20033131, 23090816)	81
(20033131, 23102804)	71
(20084005, 23046250)	62
(20084005, 23054058)	74
(20084005, 23073658)	74
(20084005, 23097030)	61
(20745684, 20819659)	62
(20807548, 20819659)	61
(21585804, 21718891)	62
(21696535, 23245812)	72
(21696535, 23247492)	71
(23020723, 23065612)	86
(23020723, 23090816)	93
(23020723, 23102804)	82
(23046250, 23048749)	112
(23048749, 23054058)	79
(23048749, 23073658)	72
(23048749, 23097030)	53
(23052647, 23065612)	69
(23052647, 23090816)	82
(23052647, 23102804)	72
(23065612, 23068647)	83
(23065612, 23071755)	72
(23065612, 23075479)	78
(23068647, 23090816)	89
(23068647, 23102804)	79
(23071755, 23090816)	76
(23071755, 23102804)	74
(23075479, 23090816)	83
(23075479, 23102804)	72
(23112718, 23120781)	57
(23112718, 23124485)	62
(23112718, 24249633)	66
(23120781, 23136538)	54
(23120781, 24248994)	55
(23120781, 24249746)	65
(23120781, 24250750)	71
(23124485, 23136538)	66
(23124485, 24248994)	66
(23124485, 24249746)	76
(23124485, 24250750)	74
(23126996, 23158463)	82
(23126996, 24249663)	112
(23126996, 24249799)	80
(23126996, 24250175)	70
(23126996, 24250519)	68
(23126996, 24250603)	80
(23136340, 23158463)	69
(23136340, 24249663)	61
(23136340, 24250175)	53
(23136340, 24250555)	51
(23136340, 24250603)	72
(23136538, 24248445)	61
(23158463, 23159708)	52
(23158463, 24249556)	87
(23158463, 24249600)	80
(23158463, 24249680)	67
(23158463, 24249700)	64
(23158463, 24250952)	120
(23159708, 24250175)	65
(23159708, 24250519)	61
(23159708, 24250555)	60
(23159708, 24250603)	59
(23238467, 23245812)	61
(23238467, 23247492)	64
(23247492, 23358063)	52
(23389340, 23394863)	57
(23392037, 23448234)	59
(23401789, 23448234)	71
(23448234, 24460945)	67
(23479034, 23482293)	61
(23479034, 23484229)	54
(23482293, 23504650)	56
(23484229, 23504650)	65
(23485588, 23542603)	69
(23530412, 23542603)	66
(23531404, 23542603)	64
(24248368, 24250175)	51
(24248368, 24250555)	60
(24248994, 24249633)	78
(24249024, 24250175)	52
(24249556, 24249663)	59
(24249556, 24250175)	78
(24249556, 24250519)	60
(24249556, 24250603)	74
(24249600, 24249663)	61
(24249600, 24250175)	73
(24249600, 24250519)	57
(24249600, 24250603)	66
(24249633, 24249746)	62
(24249633, 24250750)	51
(24249663, 24249700)	52
(24249663, 24250952)	71
(24249680, 24250175)	67
(24249680, 24250519)	55
(24249680, 24250603)	62
(24249700, 24250175)	54
(24249700, 24250603)	54
(24249799, 24250952)	62
(24250175, 24250952)	65
(24250519, 24250952)	57
(24250555, 24250952)	52
(24250603, 24250952)	94
(25226929, 25228158)	53
(25226929, 25251342)	56
(25226929, 25257526)	58
(25226929, 25257754)	56
(25226929, 25263786)	56
(25227032, 25227243)	68
(25227032, 25228087)	58
(25227032, 25228203)	58
(25227032, 25228255)	53
(25227032, 25251223)	72
(25227032, 25251327)	61
(25227032, 25251379)	60
(25227032, 25252431)	55
(25227032, 25257943)	75
(25227032, 25263535)	57
(25227032, 25263707)	69
(25227032, 25263739)	69
(25227032, 25263775)	63
(25227032, 25276879)	54
(25227032, 25276911)	82
(25227032, 25277059)	57
(25227243, 25228096)	77
(25227243, 25228120)	54
(25227243, 25251204)	66
(25227243, 25251576)	57
(25227243, 25251996)	79
(25227243, 25252428)	78
(25227243, 25257444)	51
(25227243, 25257628)	58
(25227243, 25257808)	62
(25227243, 25263732)	55
(25227243, 25263764)	65
(25227243, 25263824)	61
(25227243, 25272956)	77
(25227243, 25276824)	76
(25227243, 25276844)	62
(25227243, 25277004)	84
(25228087, 25228096)	71
(25228087, 25251204)	54
(25228087, 25251576)	61
(25228087, 25251996)	58
(25228087, 25252428)	53
(25228087, 25263824)	57
(25228087, 25272956)	51
(25228096, 25251223)	52
(25228096, 25252379)	99
(25228096, 25257943)	59
(25228203, 25252428)	56
(25228203, 25263824)	55
(25228255, 25252428)	51
(25228255, 25263824)	56
(25251204, 25251223)	78
(25251204, 25252379)	61
(25251204, 25252431)	52
(25251204, 25257599)	52
(25251204, 25257943)	57
(25251204, 25263739)	61
(25251204, 25276911)	55
(25251223, 25251996)	57
(25251223, 25252428)	79
(25251223, 25257628)	51
(25251223, 25257808)	57
(25251223, 25263732)	55
(25251223, 25263764)	58
(25251223, 25263824)	52
(25251223, 25272956)	77
(25251223, 25276824)	68
(25251223, 25276844)	51
(25251223, 25277004)	59
(25251327, 25252428)	51
(25251342, 25251921)	55
(25251342, 25257553)	54
(25251342, 25263809)	53
(25251342, 25272649)	51
(25251342, 25272709)	55
(25251342, 25272881)	55
(25251342, 25273117)	59
(25251342, 25276809)	52
(25251342, 25276997)	64
(25251342, 25277013)	54
(25251379, 25251576)	58
(25251379, 25252428)	55
(25251379, 25276824)	55
(25251576, 25252379)	55
(25251576, 25252431)	57
(25251576, 25257943)	55
(25251576, 25263775)	52
(25251576, 25277059)	54
(25251921, 25257526)	54
(25251921, 25257754)	51
(25251996, 25252379)	79
(25251996, 25277059)	57
(25252379, 25252428)	86
(25252379, 25257628)	64
(25252379, 25257808)	61
(25252379, 25263764)	55
(25252379, 25263824)	67
(25252379, 25272956)	66
(25252379, 25276824)	61
(25252379, 25276844)	69
(25252379, 25277004)	78
(25252428, 25252431)	73
(25252428, 25257599)	69
(25252428, 25257943)	75
(25252428, 25263535)	54
(25252428, 25263707)	60
(25252428, 25263739)	72
(25252428, 25272795)	51
(25252428, 25276911)	66
(25252428, 25277059)	68
(25252431, 25263732)	56
(25252431, 25272956)	54
(25252431, 25276824)	55
(25252431, 25277004)	56
(25257369, 25257526)	55
(25257526, 25257553)	57
(25257526, 25257777)	51
(25257526, 25272649)	62
(25257526, 25276997)	58
(25257526, 25277013)	52
(25257526, 25277037)	59
(25257553, 25257754)	53
(25257692, 25257943)	52
(25257754, 25257777)	56
(25257754, 25272649)	57
(25257777, 25263786)	51
(25257943, 25263520)	57
(25257943, 25263552)	57
(25257943, 25263732)	60
(25257943, 25263764)	58
(25257943, 25263824)	57
(25257943, 25272956)	58
(25257943, 25276824)	70
(25257943, 25277004)	65
(25263707, 25263764)	54
(25263739, 25263824)	52
(25263775, 25263824)	54
(25263786, 25276809)	58
(25272956, 25277059)	52
(25534576, 25541195)	56
(25603870, 25694725)	71
(25603870, 25697417)	77
(25603870, 25703185)	65
(25658417, 25702446)	77
(25691822, 25694725)	69
(25691822, 25697417)	71
(25691822, 25703185)	63
(25919056, 25932023)	62
(25922750, 25926185)	60
(27050336, 27050435)	58
(27050435, 27050732)	58
(27050981, 27051078)	60
(27913535, 27913536)	72
(30186430, 30192013)	53
(38606537, 38606566)	92
